1000 Initial Population:
		No.1: -2 1, -3 0, -3 -1, 0 4, 0 0, -2 3, 3 1, 4 3, 1 -1, 4 -4
		No.2: 0 0, -3 1, 0 3, -1 -2, 1 3, 1 4, 2 0, 4 3, -1 0, -2 -3
		No.3: 2 2, 0 -3, -2 -4, 3 2, -3 1, 3 -1, 2 1, 1 0, 0 1, -2 3
		No.4: -2 0, -1 -3, 2 -2, 3 -1, -4 0, -4 -1, 2 1, -1 -2, -3 -1, -1 4
		No.5: -4 0, -1 0, 0 -4, 0 -3, 2 3, 1 1, 0 0, 2 0, 3 0, -3 3
		No.6: -3 3, 0 1, 4 -4, 0 0, -2 2, -1 0, 1 -2, 0 2, -4 3, 3 -1
		No.7: 3 -2, 2 -1, 0 0, 2 -4, -2 4, 2 0, -1 0, 0 2, -1 -4, -1 3
		No.8: 1 0, 1 -2, 0 0, 4 -4, 3 -2, 3 -1, -3 -2, 1 -1, 3 0, 0 -3
		No.9: -3 0, -1 -2, 0 0, -3 -3, 1 -1, -2 -4, 3 0, -1 0, 4 0, 3 -2
		No.10: -1 3, 2 0, 0 1, 0 -4, -4 -4, 0 -2, -3 -1, -1 2, 0 0, 4 2
		No.11: -3 3, -3 4, 1 1, 0 1, -4 1, 4 -2, -2 3, 3 1, 0 0, 3 -2
		No.12: -4 4, 4 3, 3 -3, 2 -1, -2 -2, 3 -1, -3 2, 4 -1, 1 0, 4 1
		No.13: 3 -4, -1 -1, 4 1, -4 -3, -4 3, -4 2, -1 2, 3 3, 2 -2, 4 0
		No.14: 0 2, 4 0, -3 -4, 4 -2, -4 1, 3 -4, -4 -1, 0 3, 3 3, -1 -3
		No.15: 0 4, 2 0, 3 -4, 2 -2, -3 -4, -3 3, -1 -1, 3 2, -3 -3, -4 1
		No.16: -2 4, 2 -1, -1 1, 4 4, 3 0, 4 2, -1 -1, 2 -4, 4 0, -3 -3
		No.17: 4 1, 3 -4, 0 0, 4 0, -2 -3, 0 -3, 3 -1, 4 4, 0 3, 1 -1
		No.18: -4 4, 0 1, 1 -3, -3 1, -1 0, 4 0, 0 4, 2 -3, 2 0, 0 -4
		No.19: 0 0, -1 -1, 4 0, 1 -1, -2 3, 2 -1, -2 -3, 3 3, 0 -2, 3 0
		No.20: 1 1, 2 4, 3 3, 3 1, 0 -3, 1 -4, 0 3, 0 4, -2 -1, 2 -3
		No.21: -4 -3, 4 0, 4 4, -2 0, 0 0, 3 0, -3 0, 1 0, 4 2, -2 4
		No.22: -1 -3, 4 4, 4 -3, 0 -1, -3 -1, -2 0, 0 3, 0 0, 3 2, -3 -4
		No.23: 2 -2, 0 0, -4 -3, -1 -1, -2 1, 0 -4, -4 3, 3 -2, -3 -3, 4 1
		No.24: 0 3, 3 2, 0 -1, 0 0, 1 -3, -2 1, -2 4, 0 -3, -3 -2, -3 -4
		No.25: 4 0, 0 0, -4 -3, 0 -1, 2 1, 1 1, -3 0, 0 -4, -1 -1, -3 2
		No.26: 0 1, -1 0, 1 0, 2 -4, -1 -4, 4 -3, -1 4, 0 0, -4 0, 4 0
		No.27: -4 4, 1 2, -3 1, 0 0, -3 -2, 4 -1, -3 0, 3 -1, -1 -4, 0 1
		No.28: -3 -3, -2 3, 3 2, 0 0, 0 1, 4 4, -1 -1, -1 3, 3 -4, 2 -1
		No.29: -3 -1, 0 -3, 2 -4, 0 4, 0 0, 0 -1, 0 -4, -3 4, 4 1, 3 3
		No.30: -3 -2, 4 1, 0 1, 2 -2, 3 1, -2 -1, 2 0, 1 -3, 1 4, -3 -1
		No.31: 4 0, -4 -4, -4 -3, -4 4, 0 -1, -3 -3, -4 2, 3 -4, 0 0, -2 4
		No.32: -2 3, 3 -3, 3 -1, 0 1, 2 4, -3 -1, 0 -4, 4 2, -1 4, -3 2
		No.33: 0 4, 4 4, 0 -4, 2 2, -2 0, 4 0, 0 -3, -2 2, -3 0, -1 -1
		No.34: -2 4, 1 0, -3 3, -1 -4, -4 0, -3 2, -1 3, 1 3, 0 4, 4 2
		No.35: -3 -3, 0 -1, -2 -4, -3 -1, 3 -3, 0 -4, 4 -4, 1 4, 4 4, 2 0
		No.36: -4 -1, 1 3, 4 -3, -1 2, -2 -4, 0 0, -2 3, -2 0, -4 2, -3 4
		No.37: -3 -4, 0 0, -1 -4, 0 3, 0 1, 3 2, -2 1, 0 4, 2 -2, -3 2
		No.38: 0 3, -1 -4, 4 2, -3 4, -1 -3, 3 0, 2 0, 3 1, 2 3, 1 4
		No.39: -3 -4, 1 -2, -2 0, -4 2, -4 0, 3 0, 1 4, 4 0, 4 2, 3 1
		No.40: 0 0, 0 -3, -2 1, -1 -1, 2 4, 3 -2, 4 -4, -1 4, -4 0, -4 3
		No.41: -4 0, 0 4, -2 -4, 0 3, -1 -1, -1 0, 4 0, -2 0, 0 -1, 3 4
		No.42: -3 1, -2 -4, 0 -2, 1 2, -1 3, -4 4, 0 -4, 2 -2, -1 -3, -2 -2
		No.43: 0 1, 4 -2, -3 -2, 0 -4, -1 4, 1 -4, 3 3, -1 -2, -4 4, -4 -4
		No.44: 2 0, 1 0, -2 0, 3 0, 1 -4, -3 -4, 4 -3, 3 3, 1 1, -4 4
		No.45: -4 1, 3 -2, 3 4, 2 4, -3 0, 1 -4, 0 -2, 0 2, 4 4, 4 0
		No.46: 3 0, -1 4, 3 4, 3 -1, -4 2, 0 -1, 0 3, 2 0, -2 -4, 0 0
		No.47: -3 1, 3 2, 0 1, 4 -3, 0 3, -2 1, -4 -2, 3 0, -3 4, 0 2
		No.48: 0 -2, -1 2, -2 -1, 1 0, -4 -1, 4 4, 4 0, -4 0, -4 -3, -2 4
		No.49: 4 -2, 3 2, 3 -4, 3 4, -4 0, 4 0, 0 3, -4 3, 0 -2, -2 1
		No.50: -3 0, -1 -2, 3 1, 2 -1, 0 -2, -4 -1, -3 -1, -2 -3, -4 4, 0 1
		No.51: -4 4, 4 4, -2 0, 4 -4, 1 0, 0 2, -2 4, -3 0, -1 2, 0 0
		No.52: 1 -1, -4 -2, 2 0, -4 4, 0 0, -3 3, 4 -4, -1 0, 0 2, 2 -1
		No.53: 4 1, 1 -2, -4 -3, 0 2, -4 -2, 1 3, -3 2, -3 -1, 3 -4, 0 0
		No.54: -2 3, -3 -4, 3 3, -4 0, 0 0, -4 3, 2 0, 4 -1, 4 -2, -2 0
		No.55: -4 -2, 4 -4, -2 0, -3 -3, 3 3, -1 -4, 0 -2, -1 -3, 4 -2, 4 0
		No.56: 0 -1, -1 2, -3 -1, 4 -4, 3 -4, -2 0, -2 -4, 3 -3, 1 -1, 3 1
		No.57: -1 -1, 3 1, -4 0, 4 -2, -3 3, 1 -4, -4 -4, -2 3, 0 -4, 0 3
		No.58: 4 4, 4 3, -2 1, -1 -2, 0 -2, -4 1, -1 -1, -4 0, 0 3, 1 4
		No.59: 1 -4, 3 2, 0 3, 3 -1, -3 0, 1 3, -2 -2, -1 -1, 0 0, 2 2
		No.60: -3 0, -3 -2, 1 -2, 0 -4, -4 -3, -1 4, -4 -2, 1 1, 4 -3, -1 -4
		No.61: -4 -3, -2 0, 2 -1, 2 0, -2 -3, -4 -4, 4 4, 3 4, 3 -4, -4 3
		No.62: 0 -2, 0 4, -4 4, 0 -1, 0 3, -1 0, -4 2, -3 4, 1 0, 4 -2
		No.63: 1 -4, 4 2, -2 -2, 0 -3, 1 -1, 0 0, -1 -2, -2 0, -3 0, 1 4
		No.64: -3 0, 0 0, 0 -2, -2 -4, -3 -4, -4 2, -2 4, 0 -1, 1 0, 3 -2
		No.65: 1 4, 0 4, 4 -1, -1 -2, 3 1, 2 -4, -4 4, 1 -1, 2 -3, 2 1
		No.66: -3 1, 3 1, -2 0, -4 -3, 4 0, -4 0, 0 -2, -2 4, 1 -2, -1 0
		No.67: 3 -2, -2 0, 1 -2, 4 -4, 4 -1, 2 2, 0 -3, -4 -3, -2 -1, -1 4
		No.68: -1 3, 0 3, 0 -2, -4 1, 1 2, 2 4, 0 -1, 2 -2, 1 4, -4 -3
		No.69: 0 4, 2 -1, -2 -3, -1 0, 0 2, -4 2, -2 4, 2 3, 2 2, 0 0
		No.70: 1 -2, -4 -3, 2 0, 2 2, -1 0, -3 4, 0 2, 4 0, 4 2, 0 0
		No.71: -1 -3, 1 1, 1 -2, 3 -3, -4 4, -2 0, 3 0, -1 -2, 2 4, 4 3
		No.72: 0 -4, -3 2, 0 4, 3 2, -2 1, -1 -3, -4 4, 4 0, 0 -2, 1 4
		No.73: -2 -4, 3 -3, 3 2, 0 4, 3 4, 3 -2, 0 -4, 1 -1, 0 3, 4 1
		No.74: 0 -4, -1 -4, 4 1, -3 -2, 0 2, 2 -3, 0 -3, -4 -1, -1 -1, 0 0
		No.75: 0 -3, 3 -4, 0 0, 4 -3, -2 2, 3 0, -4 3, 2 0, 4 3, -4 1
		No.76: -2 -3, -3 3, 0 -4, -1 -4, -3 -4, -1 0, 1 3, -2 4, 0 0, 3 0
		No.77: 1 0, 0 -2, 1 -1, -3 -1, 2 0, -3 4, 0 -1, 1 3, 0 0, -4 0
		No.78: 2 0, 3 3, 0 2, 4 -4, 3 0, 4 -1, 0 0, 1 -4, -3 3, -1 -2
		No.79: 4 0, 0 -3, -1 4, 2 1, -2 -2, 2 2, 0 1, 0 -2, 0 3, 2 -2
		No.80: -2 4, -4 0, 3 -2, 2 0, 4 -4, -4 3, 1 0, 0 1, -2 0, -2 2
		No.81: 0 4, 1 -1, 0 0, 4 -2, 2 -2, -3 -3, -1 0, -3 0, 2 0, 1 -4
		No.82: 4 0, 2 0, 0 -3, -4 1, 2 1, 2 4, 1 2, -1 -4, -1 0, -2 1
		No.83: 1 3, -2 3, 2 4, 2 -3, 1 0, -3 4, 3 1, 0 1, 4 1, -2 -4
		No.84: 0 -2, -1 -1, 1 3, 4 2, 1 1, 3 0, 4 0, 2 -4, -2 2, -4 3
		No.85: -3 1, -1 -3, 0 4, 1 -4, -4 -1, 0 -4, -4 4, -4 -2, 2 -4, -2 -3
		No.86: 3 -4, -4 -2, -1 4, -4 2, 2 -1, 1 1, 4 -4, 3 -3, 2 4, -1 -1
		No.87: -1 -2, 2 -3, 0 -3, 0 1, -2 0, 3 -1, 3 2, 4 -4, 2 4, 3 1
		No.88: 4 3, 0 3, 3 3, -2 4, 1 0, -2 -4, 2 0, -4 3, 0 -2, 2 4
		No.89: 0 1, -2 4, -1 2, 3 4, 3 -1, -4 2, -4 3, 0 0, -1 -2, -2 3
		No.90: 0 3, 0 4, -3 2, 1 1, -1 1, -2 2, 3 -4, -4 0, -3 -2, 1 4
		No.91: -1 3, 0 4, 4 1, -2 0, 4 -4, 2 1, 0 2, 3 3, -3 3, 4 -1
		No.92: -1 3, 2 4, -2 0, 3 -3, -2 4, -1 0, 0 0, -3 2, -2 -3, -1 2
		No.93: 4 -1, -4 0, -4 -2, -3 1, -1 1, 1 1, -4 -4, -2 0, 1 3, -3 -2
		No.94: -4 -4, -3 -3, -4 -2, 2 -4, -3 -2, 2 2, 4 -4, -1 1, 2 0, -1 4
		No.95: 3 2, 1 0, 0 0, -4 3, 0 3, 4 1, 4 3, 0 1, -3 -4, 0 2
		No.96: 2 -4, -3 2, -4 -1, 3 4, 0 0, -2 -2, 2 -1, 1 2, -1 -3, 3 -1
		No.97: 2 -3, 1 -3, -3 -1, -2 -3, -2 2, -3 3, -3 0, 4 2, 4 -3, 3 -1
		No.98: -1 4, 1 -4, 2 -3, -4 -1, 3 -4, 3 -1, -3 -3, 0 0, 1 0, -2 4
		No.99: 4 -3, 0 4, 0 -4, -3 -3, -4 2, -3 3, 1 1, 3 0, 1 0, 1 4
		No.100: 1 -2, 2 -3, -4 -3, 3 0, 0 -1, 2 1, 3 -3, -1 0, 0 -4, 1 3
		No.101: -4 -1, -1 0, 2 4, -3 3, 2 -1, 3 1, 0 0, -3 2, 0 2, 1 -4
		No.102: 3 0, -3 -4, 1 3, 0 2, 1 -1, 0 -4, 2 -3, -1 4, -1 -4, 0 -2
		No.103: -4 0, 0 -2, -3 0, 2 1, 4 -2, 0 0, -3 -4, -4 -3, 0 4, 3 3
		No.104: 4 0, -4 0, 0 0, 1 3, 4 -1, -1 -1, -3 4, -1 0, -3 3, 4 1
		No.105: -1 3, 4 2, -2 -2, 3 2, -1 -1, 0 1, 0 4, 2 4, 2 -1, -4 1
		No.106: -4 -2, -3 0, -1 -3, 0 0, -2 4, -3 -2, 2 -2, 2 2, -2 -3, 0 1
		No.107: 0 -1, -3 0, -4 2, 0 3, 3 -4, -3 1, -3 -2, 2 0, -1 -1, 2 1
		No.108: -4 1, 0 -4, 0 0, -3 -1, -1 0, 3 2, -4 0, 2 -3, -4 4, 0 1
		No.109: 4 -4, 1 -2, 4 3, 4 2, -1 -3, 2 -2, 4 4, -4 3, 3 2, -1 2
		No.110: -3 1, 0 -4, 3 1, 0 0, -2 2, -4 -1, 4 -2, -1 -3, 2 -3, 2 0
		No.111: -3 0, -3 -2, 3 4, 0 4, -2 1, 0 1, -1 -1, -2 2, 0 0, 1 2
		No.112: -3 0, 0 2, 0 0, -4 1, -2 3, 1 0, 2 1, -4 4, -3 -1, -1 -4
		No.113: -2 -2, 0 -3, 4 -2, 4 3, -2 1, -2 4, 0 0, 4 -1, 0 -4, 2 0
		No.114: -4 3, -3 -3, -1 -2, 3 -1, -1 4, -1 3, 4 0, 0 -1, -2 2, 3 -4
		No.115: 2 -3, 1 0, 0 2, 2 -4, -4 4, -4 1, -1 -4, 0 -1, 1 -1, -4 -4
		No.116: 2 1, -2 3, -3 0, 1 -1, 3 0, -4 -4, -3 2, -4 -2, 3 1, -2 2
		No.117: -3 4, 4 4, 3 -4, -4 -3, -4 4, 0 -4, -4 1, 3 -2, -2 1, -2 -1
		No.118: -4 1, -4 -2, 3 -2, 4 -4, -1 -1, 2 -3, 2 -1, 0 3, 4 3, 0 -2
		No.119: 1 3, -4 -4, -2 2, -3 0, -4 0, -3 -1, 3 3, 0 2, 2 -1, -1 2
		No.120: 0 1, -4 -3, -2 -4, 2 -4, 1 -1, -3 3, 0 -1, 0 2, -3 -2, -1 -3
		No.121: -3 2, 1 3, -1 0, 4 -2, 0 0, -4 -3, -4 4, 4 4, 0 4, -2 2
		No.122: -3 0, 4 -3, -4 2, -1 2, 1 2, 3 -3, -3 3, 4 2, -4 0, -1 -3
		No.123: 2 3, -3 -1, -4 2, -4 0, 4 -1, 4 3, -2 0, -3 2, -1 1, 0 -2
		No.124: -1 4, 2 0, 0 0, -4 4, 4 3, 0 -1, -3 -2, -2 1, 3 3, -1 -2
		No.125: 2 -2, 4 0, -1 -3, 0 0, 1 -2, 3 3, -2 1, -4 -1, 3 2, -1 0
		No.126: -3 3, -2 -4, -1 0, 0 0, -3 -3, 1 1, 3 -3, 4 -2, 4 4, -4 0
		No.127: -2 2, 3 3, -3 -2, -4 -3, -2 0, 4 0, -1 0, 0 3, 0 -1, 2 -4
		No.128: -3 -1, 0 -2, -3 1, -2 2, -3 -4, -1 4, -1 -3, -3 2, 3 -1, 0 0
		No.129: -4 1, 0 3, 2 0, 0 0, 3 0, -3 -4, 1 0, 4 2, -3 0, -2 2
		No.130: -3 -1, -3 0, -1 1, -4 0, 0 -1, -1 0, 0 -4, -1 4, 0 0, 0 2
		No.131: -2 3, -4 0, -2 -2, -1 -3, 0 1, -1 2, 0 -3, -1 1, -3 1, 2 0
		No.132: 3 -1, -1 -1, -4 -2, -1 2, 4 2, 0 0, -3 0, 4 -1, 2 1, 2 -2
		No.133: 1 1, 3 1, 1 2, -2 3, 3 -2, 3 0, -1 -2, -3 -1, 2 0, -2 2
		No.134: 0 3, 3 -4, 0 0, 0 -1, -2 2, -4 1, 2 4, -3 1, 2 0, -2 -4
		No.135: -4 4, -4 2, 0 0, -3 -3, -4 -3, 3 -2, 2 -2, 2 -4, -2 -1, -4 -2
		No.136: 2 2, -2 -2, 0 4, 0 -4, -3 -4, 2 -2, 0 0, -4 -4, -4 3, 2 3
		No.137: 0 -3, -2 1, -4 -2, 2 0, 1 4, 3 3, -3 -2, -2 0, 2 -3, -4 -1
		No.138: 1 3, -3 4, 0 0, 2 0, -4 0, 0 4, -4 4, -1 1, 1 4, 2 -4
		No.139: 0 2, 0 0, 0 1, -2 4, -2 3, 4 -4, 2 4, 1 2, -1 4, 0 -3
		No.140: 1 0, 4 -2, 3 1, -4 -1, -2 0, -4 -3, 1 4, -1 -1, 2 2, 1 -4
		No.141: 1 -1, 2 -4, -2 -1, 1 3, -3 0, -1 0, 0 0, -3 1, -2 -3, -1 2
		No.142: 0 -1, -3 3, 0 0, 1 -4, -2 -4, -2 1, 0 2, 3 -3, 3 4, 0 1
		No.143: 3 0, -3 -4, 3 3, -3 -3, 2 4, 3 4, 4 1, 4 -2, 0 -4, -2 3
		No.144: 0 4, 2 0, 4 -4, -3 -1, -4 -3, -3 0, 4 -1, 1 -1, 4 -2, 0 -2
		No.145: -1 -3, -3 2, -1 1, 1 2, 4 3, -2 3, 3 -2, 0 -2, -4 -2, 2 3
		No.146: 1 2, -2 2, -2 -3, -1 0, -3 2, 0 -1, 0 -4, -2 0, 1 -2, 3 4
		No.147: 3 2, -2 2, -2 -2, 3 -1, 2 1, 0 0, -1 3, 2 0, 2 -1, 0 1
		No.148: 3 -1, -4 -1, 1 0, 1 4, 0 -1, 1 2, 3 -3, 4 1, 0 2, 0 1
		No.149: 0 -1, 4 2, 3 1, -1 -1, -3 1, -2 -4, 1 0, 2 4, 1 2, -2 0
		No.150: 3 -2, 0 -1, 4 -4, -3 3, -3 2, -1 3, -2 2, 2 -2, -2 -3, 0 -4
		No.151: -3 -1, 2 0, 0 -3, 3 2, 1 -2, 0 2, -4 4, -3 3, -3 4, 0 0
		No.152: -1 3, 4 -1, -2 2, 0 3, 1 4, -3 3, -1 -1, -2 1, 2 0, -4 -3
		No.153: 2 -4, 2 -2, 1 2, -3 -3, 1 -4, 1 -3, 0 2, -3 -2, -3 3, -2 2
		No.154: 1 0, 1 3, -4 -1, 4 0, 4 3, -4 1, 0 2, 0 0, -3 2, -2 -1
		No.155: -2 -4, 0 -1, -1 -2, -1 0, -2 0, -1 -4, -1 2, 0 -2, 3 2, -4 2
		No.156: 3 3, 1 1, 1 3, 1 -1, 0 0, 0 -1, -3 1, 0 4, -4 2, 1 4
		No.157: -2 4, -4 3, 1 3, 2 4, 3 4, 3 -1, -3 2, -2 -2, 2 3, 0 0
		No.158: 0 3, 0 -2, -4 0, 1 -3, 1 -2, -4 -2, 0 0, -3 1, -2 -1, -1 -4
		No.159: 2 -1, -3 2, 3 0, 0 -4, 0 0, -1 -3, 2 4, 3 -3, -3 4, -2 4
		No.160: -2 0, 1 0, 2 0, 4 -4, 0 2, 3 -3, -1 -2, 0 -1, 3 3, -4 -2
		No.161: 0 1, 0 0, -2 -1, 0 3, -4 -4, -4 1, 2 -3, 3 1, 0 2, 3 -4
		No.162: -3 1, -4 -1, 4 -4, -4 0, 1 3, -3 4, 2 2, -1 -2, -1 0, 3 3
		No.163: 2 0, 0 4, -2 -3, -2 -2, -1 0, 1 2, -1 3, -4 0, -2 2, 0 3
		No.164: -4 1, -3 2, 0 -1, -3 1, -2 -3, -1 -1, 1 0, 0 2, 4 0, 0 3
		No.165: 2 0, 2 -2, 0 1, -1 1, -4 1, 4 0, 4 4, -3 -2, -4 3, 0 -3
		No.166: -4 0, 1 -1, 0 0, -1 -4, 0 4, -1 0, 1 3, -1 -3, -4 -1, 0 -2
		No.167: 1 0, 1 -1, 4 -2, 0 -2, 0 -3, 4 0, -4 0, 4 -4, 0 0, -3 3
		No.168: 1 2, 4 0, 1 1, -4 -1, -2 0, 1 4, 1 0, -2 1, 0 -2, 0 4
		No.169: 0 0, -1 -4, -4 -3, -1 2, -2 4, -3 0, 2 0, -2 0, -4 -2, 0 -3
		No.170: 4 -3, 0 3, 1 4, 0 -2, -2 2, 4 1, 3 2, 1 3, 0 4, -2 3
		No.171: -4 -1, 2 2, 0 2, -1 -3, 0 0, 0 -4, 0 -3, -1 -1, 0 1, 1 0
		No.172: -2 -4, -4 0, 4 -4, 2 3, 4 0, 1 4, 1 3, 0 -4, 3 4, 0 -1
		No.173: 1 -1, 1 -3, -3 -1, -2 0, 4 -2, 4 1, 1 0, 0 -4, 0 0, 0 -2
		No.174: 3 4, -4 0, 4 -1, 0 0, 1 3, -2 2, 0 4, -2 -1, 3 0, -1 -2
		No.175: -3 0, 1 4, 0 0, 0 -3, 4 -4, -3 -3, 0 -1, 0 3, 3 1, -1 -3
		No.176: -2 -3, -2 2, 4 1, 2 1, 2 0, -4 -3, -1 -1, 3 2, 3 -2, -3 2
		No.177: 0 3, 2 0, 0 2, 1 -1, 0 -2, 0 1, -1 -3, 1 0, -2 0, -3 0
		No.178: 4 -2, -3 -1, -4 2, 0 -4, 4 1, -2 0, 2 1, 2 4, -3 3, 2 -3
		No.179: -2 0, 3 0, 2 3, 3 3, -2 -2, 2 4, 4 -4, 3 -4, 4 0, -1 0
		No.180: 4 2, 2 1, -2 -1, -4 0, -3 -2, -2 0, 0 -3, 0 0, 0 -2, -4 4
		No.181: 4 -2, -2 -2, 3 -1, -4 2, 2 0, 1 -1, 1 -2, 2 -2, 4 0, 1 4
		No.182: 0 3, 2 4, -4 2, 4 0, -1 -2, -4 0, -2 4, -2 0, -1 -4, 2 0
		No.183: -2 2, 3 0, 0 -3, 3 3, 1 -2, 2 -4, 1 -4, -2 -2, -2 -4, -4 -2
		No.184: 0 4, 3 3, -3 0, 0 1, 0 -4, -4 0, 2 -2, -1 2, -2 -1, 4 4
		No.185: -3 -3, -2 1, 0 -3, 0 -4, -4 -1, 4 2, 0 -2, 3 0, 0 1, 1 4
		No.186: 0 -4, 2 2, 1 -4, 1 2, 1 3, 0 0, 4 -3, -3 -1, -2 -3, 0 -1
		No.187: -4 1, 3 4, 0 -3, -4 0, 2 -3, -3 -2, -3 4, 0 3, 2 3, 3 3
		No.188: -2 -3, 0 3, 2 4, -4 -2, -1 2, 1 -4, 3 3, 3 0, 0 1, 0 -3
		No.189: -4 -3, 4 3, 1 0, 4 -3, 3 0, 0 1, 2 -1, -2 0, 0 2, 4 0
		No.190: 1 0, 0 0, 0 -2, 0 -4, -4 3, -2 -4, 0 -1, 0 -3, -2 0, -1 -4
		No.191: -1 -4, -4 4, -1 -2, -2 -2, 1 0, -1 3, 3 0, 1 2, -2 -4, 3 -2
		No.192: 0 2, 4 -2, -2 0, 2 1, -3 2, 0 0, 1 1, 0 1, 0 -2, 0 -4
		No.193: -2 -3, 4 -2, -1 -2, 0 4, 4 -1, -2 1, 4 1, 2 4, 0 0, 0 1
		No.194: -3 0, 4 -1, 1 -4, -4 4, 0 -1, 0 0, -3 -2, 4 -2, -4 3, 0 -4
		No.195: 0 -3, -2 -1, 0 2, 4 0, 0 3, -2 -3, 0 0, 4 4, -1 -1, -4 1
		No.196: -1 -3, 1 -1, 1 -2, -4 2, -3 4, 0 4, 0 0, 0 -4, -1 0, 2 3
		No.197: -2 1, -3 2, -1 -3, 0 -1, 4 -1, -2 -3, 1 -1, 0 -4, -3 4, 4 1
		No.198: 0 1, -1 0, 2 0, -4 -4, 0 0, 0 2, 2 3, 0 -4, -2 0, 0 4
		No.199: 0 1, -4 0, 2 4, -3 -3, -4 -1, -1 -2, -1 3, 0 2, 1 3, 3 1
		No.200: 0 0, 2 3, 2 -1, 0 -1, 0 1, -1 0, -3 1, 2 -4, -4 0, 0 2
		No.201: -2 0, 0 2, -4 -1, -2 4, -4 4, -4 -3, -4 -2, 4 0, 0 0, 2 4
		No.202: -4 -1, -2 -3, 1 -1, 2 0, 3 0, -3 0, -1 -4, 3 4, -4 -4, -1 2
		No.203: -4 4, 2 2, -1 -4, 1 0, 0 -4, -3 -4, 1 3, -1 -1, -3 0, 1 -3
		No.204: -3 0, 2 0, -3 -2, -4 0, 0 -3, 0 4, 0 3, 1 -4, 2 1, 1 2
		No.205: -1 -2, -3 -4, -1 1, -3 1, 0 4, 3 4, -2 -1, 0 -2, 4 0, -3 0
		No.206: -3 -2, 2 0, 0 3, -4 -2, 4 1, -1 1, 4 -4, 2 -1, 0 0, 4 0
		No.207: 0 3, 0 -2, 0 -4, 4 4, 0 1, -3 4, -1 0, -2 2, -2 0, -2 1
		No.208: 1 -4, -3 -3, 3 -1, -1 4, -4 4, -1 -3, 0 0, -3 -1, -4 3, 0 -1
		No.209: -4 -1, 1 0, 0 4, 2 1, -4 -3, 0 -2, -2 -3, 0 -4, 0 2, 4 -1
		No.210: -3 -4, -2 1, 4 3, -3 2, -2 0, 0 -3, 4 1, 0 0, -4 3, 3 1
		No.211: 3 1, 3 0, -3 2, 2 0, 0 4, 3 3, 0 -3, -3 0, 2 -3, -3 1
		No.212: -3 -1, -3 4, -4 4, 3 -1, 4 -3, -4 -3, 4 -4, -1 2, 0 2, 0 -2
		No.213: 0 0, -2 3, -4 2, 2 4, 4 -3, -3 1, -1 -4, 3 -2, -1 3, -1 -2
		No.214: -4 3, -3 0, 3 -4, 0 0, -1 -4, 2 -4, 3 -3, 3 -1, -4 0, 3 1
		No.215: 3 -4, -3 -3, -2 4, -1 1, 2 0, -1 -1, -1 0, 0 0, -1 -4, 1 4
		No.216: -2 0, 1 4, 2 4, -3 0, 2 -4, -1 2, 4 -4, 0 4, 4 -1, 1 -3
		No.217: -1 -3, 0 2, -3 -1, 3 -4, 1 4, 4 1, -3 0, -2 1, 2 -3, 4 0
		No.218: 0 1, 0 0, -3 0, -2 4, 1 2, -1 -1, 3 2, 4 -4, -1 4, -1 -2
		No.219: 1 3, 0 4, -4 -1, 0 0, 3 -4, 0 -3, 4 0, -3 -2, -4 4, -2 2
		No.220: -3 0, 2 -4, 2 3, -4 1, 0 -1, -3 1, -1 -4, 2 0, -2 -1, 0 -2
		No.221: 0 -3, -2 2, 3 1, -2 -4, 1 4, 0 4, 2 3, 0 -2, -3 0, -1 -1
		No.222: -4 4, 0 -3, 4 -3, -4 -1, 0 2, 1 4, 4 0, -4 0, -2 1, -2 0
		No.223: 0 -1, 1 -2, 2 -2, -1 -4, 0 2, 0 -2, 4 -3, 0 3, 0 0, 4 1
		No.224: -2 3, 0 3, -3 -4, 1 3, 4 -1, 0 0, 2 2, -1 -1, 4 3, 4 0
		No.225: 2 2, -2 0, -4 -3, 0 0, -3 -1, -4 0, -1 2, 0 -4, 1 0, -1 -4
		No.226: -3 0, 1 -3, 0 -4, -2 4, -4 -1, 3 2, -2 -2, 4 -2, 2 3, 1 -4
		No.227: 1 2, 0 4, -2 -4, 1 -2, 0 1, 0 -1, 3 -3, -4 0, -3 4, -2 0
		No.228: 0 -3, -1 3, 0 4, 2 0, -2 4, 3 3, -1 0, -4 0, 2 3, -4 4
		No.229: 1 0, -3 -3, -4 -3, 3 4, 0 0, -1 4, 0 1, -3 -1, -4 -4, 3 1
		No.230: -2 -2, 2 -3, 1 1, 3 0, -3 -1, 4 -4, -1 -3, 0 4, -3 -3, 1 0
		No.231: 4 3, 0 0, -1 -3, 1 2, -2 -2, -3 2, 3 2, -1 3, 2 -2, 0 -4
		No.232: 3 2, -2 0, -4 -1, 4 -3, -2 -2, 0 3, 2 -4, 0 0, 3 3, -4 1
		No.233: -1 0, -2 0, 0 4, 1 -4, -3 -2, -2 4, -3 1, -4 0, 4 -1, -3 -1
		No.234: -3 1, 3 2, 2 -1, 2 4, 3 1, -3 -1, -2 4, 1 -1, -3 0, 0 -4
		No.235: 0 -4, 2 -1, -2 -1, -2 -3, -3 1, -2 -2, 3 -4, -3 0, -1 -2, -4 0
		No.236: 0 -1, -3 2, 0 1, -3 1, -4 0, 2 4, 1 0, -2 2, -1 -1, 4 3
		No.237: -2 -3, 1 -3, -2 4, 4 4, -1 -1, -2 2, 0 2, 4 3, 1 0, -4 1
		No.238: -4 -3, 1 4, 4 -4, 1 0, 4 1, -3 -4, 3 4, -1 -3, 0 -3, 0 -2
		No.239: -2 0, 4 -3, -4 3, -4 -1, 1 -3, -2 -2, -3 3, 3 -4, 2 4, 2 -4
		No.240: 4 -2, -2 2, -3 1, -3 3, 0 3, -2 4, 2 3, 2 2, -1 4, 0 -4
		No.241: -4 -2, 3 4, -4 4, 4 -2, 3 1, 3 0, 0 0, -4 0, 2 3, 4 4
		No.242: -2 0, 4 -4, 0 0, 2 3, 4 3, -3 0, 3 -3, 1 -4, 4 -1, 0 -1
		No.243: 4 1, 0 0, -2 3, 0 -3, -2 0, 1 2, 2 2, 0 -2, 1 0, 4 0
		No.244: 0 0, -2 0, 2 2, 3 4, 0 2, -1 4, 3 -3, 2 3, -4 4, -4 2
		No.245: 1 0, -1 3, 2 1, -4 1, -4 0, 1 2, 3 4, -3 2, 0 -2, 3 1
		No.246: 4 0, 0 -3, 4 2, 2 0, 4 -1, 0 -1, 0 2, 0 4, 4 1, -3 -4
		No.247: 4 0, -2 -2, -2 -1, 0 -3, -3 4, 3 -4, -4 2, -1 3, 3 -3, -1 2
		No.248: 3 -4, -2 1, 3 0, -3 0, 1 -1, 0 0, 0 -2, -1 -3, 2 -1, -1 4
		No.249: 0 2, 0 -4, 4 0, -1 0, 4 2, -2 3, -2 -1, -1 3, 0 3, 1 4
		No.250: -1 4, -3 3, 0 4, -4 -4, 4 4, 3 -1, -2 2, -1 -3, -4 -3, 0 -2
		No.251: -1 4, 4 0, -2 2, -3 -1, -3 4, 1 4, 4 2, -4 -2, 2 2, 1 -1
		No.252: 3 2, -4 2, 1 -4, 3 3, 2 1, 4 -1, -3 0, 4 4, 2 4, -1 4
		No.253: 0 0, 2 -3, 3 -4, 2 2, -2 -1, -3 -1, -3 -4, 0 4, -2 -4, -2 0
		No.254: 0 1, 4 4, 3 4, -3 4, 3 -3, -3 0, -4 0, 4 0, -3 -2, 0 0
		No.255: -1 2, -4 -1, 0 0, -3 0, 0 4, 1 0, -4 -4, -1 -2, 4 0, 4 3
		No.256: 2 4, 2 0, 4 0, 3 0, -2 -2, -1 3, -3 -3, -3 -1, 0 0, 0 -4
		No.257: 2 -2, 2 4, -3 0, 0 -1, -4 -3, 3 4, 1 -4, -2 2, 4 -3, 0 3
		No.258: 0 -4, -1 3, 1 -1, 0 0, -4 -3, 1 1, 4 -4, -4 -1, 2 2, 2 3
		No.259: 2 -3, -3 3, 0 -4, 4 3, 0 1, 0 -2, 4 -3, -2 -4, 0 -3, -1 4
		No.260: -3 3, -2 4, 1 3, -1 -1, 0 -3, -4 -2, -3 0, 3 1, 2 -3, -1 2
		No.261: 0 0, -3 -1, -2 -2, -2 2, 1 0, -2 0, -2 3, -3 1, -4 0, 0 -4
		No.262: -4 -4, -3 -4, -3 -3, 3 0, 2 3, -2 0, 3 1, 0 1, 4 -2, -2 -2
		No.263: 2 2, 2 0, -1 2, -2 0, -4 -3, 3 -1, 4 2, -3 -3, -4 3, 0 2
		No.264: 4 0, 0 4, -2 -3, 4 -1, 0 0, 3 1, -4 3, -2 4, 4 -2, -1 4
		No.265: 4 3, 0 0, -4 -4, 2 0, 1 -3, -2 2, 0 -4, 2 -4, -1 -4, 0 1
		No.266: 4 0, -4 0, -3 4, 4 -1, 2 1, -2 4, -4 1, -3 0, 4 -3, 0 2
		No.267: 3 -1, 0 1, 0 -3, 0 -4, 3 4, 0 0, -2 1, -1 0, -1 3, 0 3
		No.268: 4 -3, -2 0, 0 2, 4 -4, 0 0, 0 -1, -4 3, -3 3, 2 0, 3 4
		No.269: 0 -4, -3 -1, -1 4, 3 1, 2 1, 1 0, -1 -4, 3 0, 2 -2, 3 3
		No.270: -3 2, -4 -3, 2 -3, 0 2, -2 0, 3 -3, -2 3, 0 -3, 0 3, 4 -3
		No.271: -4 -4, 1 -2, 3 -4, 0 0, -1 0, 0 -1, -2 4, 4 -3, 0 4, 0 -3
		No.272: -1 -4, 2 0, 0 3, 0 -4, 4 0, -1 0, 4 2, 2 -3, 2 1, 1 -1
		No.273: -3 -4, 3 3, -1 1, 1 1, -3 2, -4 0, 4 3, 2 -3, 4 2, -4 2
		No.274: -1 -1, 4 -4, -4 -1, 0 -1, 3 0, 0 0, 4 -1, -2 2, 2 2, -2 1
		No.275: -1 -4, -3 4, 3 2, 0 4, -4 -1, -3 -4, 0 -3, 4 -1, 3 4, 4 0
		No.276: 0 0, 3 -2, 0 -2, 1 -3, -3 1, -3 2, -4 -2, 3 0, 1 4, -3 0
		No.277: 4 -4, 2 -1, 2 3, -2 -1, -1 1, 1 0, 4 3, 3 2, 0 4, -2 -3
		No.278: -2 2, 3 0, 0 4, 3 -4, -4 3, 4 1, 4 -1, 1 1, -3 0, 3 -3
		No.279: -3 -3, 3 3, 3 2, 4 2, -4 -1, -2 -2, 1 3, -1 0, 3 4, 2 -2
		No.280: 2 2, -4 0, 0 2, 2 -1, 0 1, -4 -1, -3 -3, -3 -2, 4 -3, -2 2
		No.281: -4 -2, 4 -4, -2 -4, -1 -2, 0 0, 1 3, 2 -2, 1 0, 0 -4, 1 1
		No.282: -4 0, -1 2, 0 2, 2 -1, -2 1, -4 2, 2 -2, -3 0, -1 -1, -1 -3
		No.283: -1 0, 2 0, 4 3, 3 4, 0 -1, 4 -1, -3 0, 0 1, 1 -3, 0 3
		No.284: -4 2, 0 0, -3 0, -2 -1, -1 -3, 2 -1, -3 1, -1 2, -2 3, 1 -4
		No.285: 0 -4, -1 4, 4 -3, 0 -1, 4 -1, -2 2, 3 4, 0 3, 2 -2, -3 2
		No.286: -2 -4, -4 2, 0 0, -2 1, 2 -4, -4 -2, -3 -1, -4 4, 0 -3, -4 -1
		No.287: -1 0, 2 3, -3 -3, 0 -4, -3 0, 0 -1, 1 4, -1 2, 4 -3, 2 1
		No.288: 2 0, -4 4, -3 3, 0 0, 2 -4, 1 2, -2 0, 3 4, -4 -4, 2 4
		No.289: 3 -3, -1 3, 0 1, 1 0, 4 3, 1 2, -1 0, -4 -4, -2 3, 2 1
		No.290: -3 -1, 2 2, -4 -3, -4 -1, -3 4, -3 0, 0 0, 1 0, 3 1, -1 -3
		No.291: -3 -1, -3 -4, 2 3, 0 3, 0 -4, -3 4, -2 3, 3 -4, -1 1, 2 -2
		No.292: -3 -3, 3 0, 3 -4, 1 2, 2 0, -2 4, 4 0, 4 -2, -1 3, 0 1
		No.293: -1 1, -2 4, 0 0, 3 3, -1 0, -3 1, -3 -1, -2 0, 1 -2, 0 -3
		No.294: 0 4, 2 0, 0 0, 0 2, -2 0, -3 2, -4 -4, -2 1, 4 0, 0 -3
		No.295: -4 0, 2 2, 2 -4, 2 3, 0 1, 0 0, -2 3, -1 1, 3 3, 2 1
		No.296: 0 -4, 2 3, 0 0, -2 -1, -4 -3, -3 4, -3 0, 0 -3, 2 4, 3 -2
		No.297: 3 4, -4 0, -4 1, -2 2, -4 2, 2 0, -4 -3, 4 3, -3 -2, -1 1
		No.298: 0 1, -3 3, -2 3, 0 -4, 0 0, -4 -4, -1 -2, 3 0, 2 2, -3 -1
		No.299: -4 3, 0 -4, -4 4, 2 4, 0 1, 3 1, 4 0, 1 3, -4 -3, -1 2
		No.300: 0 0, -3 4, -1 0, 2 -4, -1 2, 4 -3, -2 3, 0 -2, -3 1, -2 4
		No.301: 0 0, 0 -1, 4 -2, -4 0, 2 -1, -3 0, 0 -2, -1 1, 0 -4, -1 -1
		No.302: -3 -3, 0 3, 4 0, 3 3, -1 0, -3 -4, -4 3, 2 -4, -1 2, -1 4
		No.303: -1 2, -3 -3, -2 2, 0 3, -3 -2, -4 -3, 4 2, 4 3, 3 4, -1 -3
		No.304: -2 0, 0 4, -3 0, 0 0, 4 -1, -1 0, -4 -4, 4 3, 2 -4, 4 -3
		No.305: 4 -3, -1 -1, -3 0, 4 3, -2 -4, 1 1, -4 4, 3 -3, -4 -2, 0 -4
		No.306: 4 -1, 1 3, -4 -3, -3 -1, 0 1, 3 2, 0 -2, 2 3, -3 3, 0 4
		No.307: -2 -1, -4 3, -3 0, 4 -3, 4 0, 2 0, -1 4, 1 4, -4 4, 3 4
		No.308: 0 -2, -1 0, -2 -4, -4 4, 3 0, -1 -4, -3 0, 2 -4, -2 -1, 1 -4
		No.309: 2 -1, 2 4, 4 0, -2 -3, -3 -3, -4 -4, -3 -1, 0 1, 0 0, 0 -4
		No.310: -1 3, -4 -3, -1 -1, -4 1, -1 4, 0 3, -3 4, -3 -2, 4 3, 2 -3
		No.311: -2 -2, 3 -1, -3 4, 1 4, 2 -4, 0 0, -2 2, 0 -3, 0 -2, 4 -3
		No.312: -1 -4, -3 1, 2 0, -3 -1, -2 -1, 3 2, 4 3, 1 2, 0 1, 4 -2
		No.313: 4 0, -1 -1, 0 -1, -4 1, 1 -3, -1 -2, 3 3, -3 1, 0 2, 2 2
		No.314: -4 3, -2 3, -3 -4, 0 4, 1 -3, 2 -4, -4 -4, 4 0, -1 -4, 0 0
		No.315: -3 -2, -2 -1, -2 3, -1 -3, 0 2, 4 4, -3 0, -2 -2, 4 -4, 0 4
		No.316: 4 0, -2 4, 4 2, 3 0, -1 3, 0 -4, -2 -2, 3 2, 0 4, 3 -1
		No.317: 0 -3, -4 -4, -4 1, 1 -4, 4 -3, -1 3, -3 0, -1 1, -3 1, -3 -2
		No.318: 2 -2, 0 2, -4 -4, 0 0, 0 -1, 1 4, -3 0, -3 -1, 2 -1, 2 3
		No.319: 1 4, 0 0, -4 1, -2 -1, 2 -3, 2 -1, -3 -3, -4 2, 0 2, -3 3
		No.320: -3 -4, 4 4, 1 -4, 0 2, -3 0, -3 -2, -1 0, 2 -4, -1 3, 4 -4
		No.321: -1 -3, -3 -3, 0 -2, 0 1, -2 -4, 0 3, 2 -3, 3 0, 2 -1, -1 1
		No.322: -4 -3, 0 1, 0 0, -4 -4, 2 -4, 0 -3, -4 -2, 0 4, -4 1, -2 1
		No.323: 2 4, 0 -2, 0 1, -1 -4, 3 4, -3 3, 2 0, -1 0, 2 2, 0 4
		No.324: -4 0, 4 -1, 0 0, 0 3, 2 -1, 0 -3, -2 -3, 0 -2, -3 -2, 2 4
		No.325: 3 -3, -4 -2, 2 -4, -1 0, -4 -4, -4 0, 0 0, 3 3, 0 4, -1 3
		No.326: 2 -4, 2 -3, -1 2, -1 -3, 3 -4, 1 -3, 4 3, -2 4, -4 -1, 1 -1
		No.327: 1 1, -3 0, -2 -4, -1 4, 4 -4, 1 -1, 0 2, -2 -1, -3 4, 0 1
		No.328: 2 0, 1 1, -1 -3, 2 -2, 0 0, 4 1, 3 0, 0 3, 3 4, 1 4
		No.329: -1 3, 0 -3, 1 1, -4 4, 0 -1, 3 -4, -2 4, 1 0, 0 0, 2 2
		No.330: 3 -1, 4 2, 4 0, -3 -3, -3 0, 4 -1, 0 -2, -1 0, -1 -1, -4 0
		No.331: 0 2, 3 4, -1 1, 1 4, 1 0, -1 0, 0 1, 0 0, 2 -2, 2 -4
		No.332: 1 2, 3 -4, -1 -3, -1 2, 0 0, 0 1, 0 -2, 2 4, -4 -3, 4 -1
		No.333: 0 0, 2 3, 4 -1, 4 0, 0 -4, -1 0, 0 -3, 0 -2, 2 4, 3 2
		No.334: -1 -4, -3 -2, -3 4, -2 1, -4 -2, -1 0, 0 1, 3 3, 4 -2, 0 -3
		No.335: 3 0, 3 -2, 1 0, 4 -2, 3 -1, -4 -4, -4 -3, 3 1, 0 0, -2 0
		No.336: -3 0, 2 3, 0 0, 1 -3, -3 2, -1 0, -2 4, 1 0, -2 -3, 3 -4
		No.337: 4 -2, -1 2, 4 -4, -4 4, 3 0, 0 0, 0 4, 0 3, -2 3, 3 3
		No.338: -4 4, 1 -4, 0 -1, -1 3, 0 3, -4 -4, -3 4, 1 4, -1 1, 1 0
		No.339: 4 0, 3 2, -4 -4, -4 0, -2 0, -3 4, 3 -1, 4 -2, -4 -3, 0 0
		No.340: 3 2, -1 0, -3 -3, -4 4, 4 0, 3 0, -2 0, 0 0, 0 2, 2 -1
		No.341: -1 0, -3 4, -1 3, -1 4, 3 2, -4 -4, -4 2, 4 3, 3 -1, 3 0
		No.342: 3 -1, 0 -3, -3 2, 4 -1, 4 -2, 0 -4, -2 2, 0 0, -2 1, 3 2
		No.343: 0 0, 0 3, 0 -1, -3 2, 4 -3, -3 0, -3 1, 0 -3, 0 -2, 4 3
		No.344: 0 -1, 4 -1, 0 0, 1 3, -4 -4, -2 0, 3 0, 0 2, 3 -4, -1 -3
		No.345: -3 -3, 4 1, 0 4, 3 2, -2 -1, -2 1, -2 0, 0 0, 4 -2, 2 -1
		No.346: 0 1, 4 -1, 4 -3, 0 -4, -3 -1, 0 -1, 3 -1, 0 0, -2 2, -1 -4
		No.347: -4 0, 0 3, -4 1, -1 -1, 1 -4, -3 0, 2 1, 2 0, 1 2, 3 1
		No.348: -1 1, -3 0, -2 2, 1 4, 0 -3, 1 -3, 2 -3, 2 4, 0 0, -3 -1
		No.349: 0 4, -1 0, -2 -2, -3 -1, -3 -4, -4 -2, -3 2, 0 3, -1 -2, 2 4
		No.350: -2 -4, 3 -4, 1 3, 3 2, 3 1, 3 3, 4 -3, -2 2, -1 -3, -4 4
		No.351: -4 -3, 3 -2, 2 4, 0 -4, 1 0, 1 2, 2 2, 4 2, 0 3, -1 2
		No.352: 4 2, -3 -4, 3 -1, 0 -3, 0 3, -3 -3, -1 -1, -2 2, 1 1, -1 -2
		No.353: 4 -2, -1 2, -1 3, -4 2, 2 -3, 2 0, -3 0, -1 -3, -1 -4, -3 -4
		No.354: -2 -2, -3 -4, 2 3, -2 0, 4 2, 0 -4, 2 -2, -4 0, 4 -2, 0 -3
		No.355: -4 1, 1 3, 4 1, -1 -4, -3 -2, -4 0, 0 1, 2 -3, 3 0, 0 0
		No.356: -2 0, 0 0, -3 0, 4 -4, 0 -2, 3 2, 0 -4, 2 1, 3 -3, 2 4
		No.357: -4 -3, 4 3, -1 1, 0 1, 0 0, -4 1, -4 -4, 3 -4, 2 -4, 2 3
		No.358: 0 3, -2 0, 4 1, 1 0, -1 -3, 1 -1, 2 1, 3 0, -2 1, -2 -4
		No.359: 0 4, 2 0, -2 3, 0 0, -4 0, 4 -1, 0 -4, 4 0, 0 1, 0 -2
		No.360: 4 -1, 4 0, 3 -1, 0 4, 4 -2, -2 3, 3 0, -4 -3, 0 0, -2 4
		No.361: 3 4, 4 -4, 0 -2, 0 3, -1 0, -4 0, 1 4, -3 -3, 2 4, 4 2
		No.362: 0 2, -1 3, -4 0, 3 -2, -1 -2, -1 4, 0 -3, -4 -2, -3 -1, -3 3
		No.363: -2 2, 1 -4, -4 2, 3 3, 0 0, 2 -3, -2 3, 4 2, -1 -3, 2 0
		No.364: -4 4, -2 4, 0 -1, -4 -1, -2 1, 0 -2, 0 2, 4 -1, 4 -4, 1 4
		No.365: 0 -1, 1 4, -1 -3, -4 4, 1 -1, 4 1, -2 -4, -3 -3, 0 -4, 1 -2
		No.366: 0 2, 0 0, -3 -1, 4 3, -1 -3, 4 4, -1 4, 3 2, 0 -4, -1 0
		No.367: 1 3, 4 0, 0 1, -3 1, -4 -4, 2 -2, -2 0, 4 -3, 1 4, -4 3
		No.368: 1 -1, 4 -4, 0 4, 0 3, 2 3, 2 -2, 3 2, 0 -4, 3 -3, 1 0
		No.369: 0 0, 0 -4, -4 0, -2 3, 0 -2, 4 -2, 3 0, 1 -3, 3 4, -1 -1
		No.370: 0 1, 0 -1, 2 -3, 0 2, 0 -2, 4 2, 3 -4, 4 -2, -4 4, 1 0
		No.371: 0 -4, -4 3, 4 -3, -4 -2, -3 0, -2 3, -1 -4, 0 -1, -4 -3, -4 -1
		No.372: 2 -1, -4 -2, 0 1, -2 3, 0 0, 0 4, 0 3, -4 3, -1 -4, -2 4
		No.373: 4 3, 0 -3, 0 0, 2 4, -2 -1, 0 -1, 3 -2, 1 3, -4 0, -3 2
		No.374: -4 0, -2 -3, 1 -1, -4 1, -4 4, 0 0, -2 -2, -4 2, -2 0, 3 3
		No.375: -4 -3, -1 0, -2 -4, 0 -4, 0 1, 2 4, 3 0, -1 3, 4 -4, 2 -1
		No.376: 3 1, -4 4, -1 2, -1 -1, 3 -1, 2 -3, -2 -1, 3 3, 0 -3, 0 2
		No.377: 3 -1, 1 -3, 1 3, -1 2, 2 -1, 3 0, 2 -3, -4 1, 0 0, 1 4
		No.378: 0 -4, 1 2, 0 -2, 0 0, -3 0, 2 0, -2 -4, -2 0, 2 4, 4 1
		No.379: 0 3, -2 3, -3 0, 1 -4, 0 4, 0 -2, 0 1, -3 3, -1 -4, -3 -1
		No.380: 0 0, -4 0, 0 4, 2 -1, 1 -2, 4 -1, 3 -1, 1 -3, -1 -2, 3 2
		No.381: 3 4, 4 4, -1 -1, 1 -1, 0 2, 0 0, 3 3, 3 0, 0 -3, -2 -1
		No.382: 0 3, 3 3, 0 2, -2 1, 2 3, 0 -1, -4 1, -2 -3, -3 4, -1 0
		No.383: 0 1, 0 4, 0 -2, 3 -1, 4 1, -1 0, -2 1, -2 -1, 3 -2, -4 -4
		No.384: 2 4, 3 2, 1 -3, 0 0, 2 -4, 3 -4, 2 1, 4 3, -1 -2, 2 0
		No.385: -3 0, -1 -1, 0 -3, -1 1, -2 -3, 3 4, 4 -1, -1 2, 2 2, -4 0
		No.386: 4 -3, 3 -2, -4 2, -3 2, 1 -3, 0 -4, 2 1, -3 -2, 1 2, 0 -3
		No.387: 1 0, -3 0, 0 3, 4 -4, 1 4, -4 4, 2 4, 3 -3, -3 -3, 2 -2
		No.388: 2 2, 0 -2, 0 4, -3 0, -1 -2, 4 3, -3 -2, -4 4, 3 0, -4 -3
		No.389: 4 -3, 0 0, -2 -2, 2 0, 1 -2, 0 -2, 0 1, 0 3, -2 2, -2 -1
		No.390: -3 -1, 3 2, 1 0, 0 -1, 4 0, -3 -2, -4 -3, -3 1, 2 -2, 2 -4
		No.391: 3 1, -1 -4, -2 -1, 0 4, 2 2, 2 0, -3 3, 4 1, -1 0, 0 0
		No.392: -1 0, -1 1, -3 -3, 1 2, -1 3, 0 -3, 1 3, 2 4, 0 3, -1 -4
		No.393: -2 1, 0 3, -1 1, 4 3, -2 3, -1 3, 2 -3, -4 1, 4 -4, -3 0
		No.394: 0 -1, 0 0, 3 1, -2 -1, -4 -4, 2 -3, 0 -2, 0 -3, 4 0, -4 0
		No.395: -2 -4, -3 0, -3 1, 1 0, 0 0, 2 1, 1 2, 1 3, -2 0, 2 -4
		No.396: -3 -1, 0 2, 2 -2, 2 2, -1 -2, -2 4, 3 -4, 3 -3, 3 2, -3 -3
		No.397: -3 1, -2 1, -3 -1, 4 3, 0 2, -2 -4, -1 3, 1 2, 2 -4, 2 -1
		No.398: -2 -3, 3 1, -3 4, 4 0, 4 -4, 1 -4, -2 0, -4 -3, -2 4, 1 -2
		No.399: 0 -4, -1 4, 0 -1, 4 -2, -4 0, 1 0, 3 -3, 2 -4, 3 -2, -4 1
		No.400: 0 -1, 0 -4, 0 0, -4 -4, -4 -1, -1 -3, -3 0, -4 0, -3 -3, 1 2
		No.401: 0 -4, -2 -4, -3 0, 2 -3, -1 0, -4 -4, -2 -2, 3 -3, 2 3, 1 2
		No.402: 3 1, 4 3, -1 1, 4 -2, 0 2, -2 0, 1 1, 4 0, -1 0, -2 3
		No.403: -3 0, 3 1, 1 2, 1 0, 2 -2, -1 3, -4 0, -4 -3, -4 3, -2 0
		No.404: 2 2, 4 0, 1 -1, 0 0, 2 0, 3 2, 0 2, -2 2, 1 3, -2 -1
		No.405: 3 -3, 4 -1, -2 -4, -1 1, -3 3, 2 4, 2 0, 2 3, 3 0, 3 1
		No.406: -1 2, -4 4, 0 -3, -2 -2, 3 -1, 3 0, -4 3, -1 1, -4 -1, 0 -2
		No.407: 2 0, 0 -1, 0 2, -2 -2, 0 -4, 1 -1, 4 -3, -1 3, 0 3, -1 0
		No.408: -1 -3, -2 3, 2 3, 1 2, 0 0, -2 0, -2 -4, -2 -2, -3 -2, 0 3
		No.409: -4 -4, 2 2, -4 0, 0 -2, 3 0, 4 -1, 0 -4, 1 4, 3 1, 0 4
		No.410: 4 -3, 0 0, -3 0, 2 1, 3 4, 3 2, -2 -2, 4 0, 4 4, -1 0
		No.411: 4 -3, -1 3, -3 0, 1 -4, -1 4, 3 3, 0 0, 2 -2, 3 4, 0 1
		No.412: -2 4, -4 0, 3 0, 3 -1, -3 -2, -4 4, -4 2, 4 -1, 0 0, 0 -2
		No.413: 4 0, -4 3, -4 -2, 0 0, 2 -3, -2 1, 4 2, 0 3, 3 3, 3 -2
		No.414: -2 -4, 2 -2, 0 3, -2 -3, 1 0, 0 1, 4 1, -1 2, 3 2, -3 0
		No.415: -2 -1, 0 0, -2 1, 3 0, 4 0, -4 3, -1 4, 2 1, -2 -4, 0 2
		No.416: -4 -4, 0 0, 4 0, -3 0, 2 1, 2 -1, -4 2, -2 4, 3 0, 2 0
		No.417: 3 0, -4 1, 4 2, 0 4, -4 -3, 2 2, 1 -2, 0 -4, 1 0, -2 -1
		No.418: 2 -4, 0 0, 0 -3, 4 -2, 4 2, -4 0, -2 4, 2 4, -1 2, -1 -3
		No.419: 2 2, -4 1, 3 1, -2 -1, -3 0, -4 -4, 1 1, 1 0, 4 -4, 0 -2
		No.420: -2 2, -1 0, 1 -2, -4 1, 3 2, 0 2, -3 -3, 2 -1, 0 -1, -3 1
		No.421: 1 3, -1 1, 1 -4, 4 3, 0 4, 4 0, 2 2, 0 -3, -2 -4, 4 -1
		No.422: -1 -4, -4 4, 3 2, -1 0, -2 -4, -2 0, 2 -1, 0 -2, 2 0, -3 -2
		No.423: 0 0, -3 -2, -4 -2, 0 3, 0 -2, -4 3, -3 -1, -1 -1, 3 0, 4 0
		No.424: -4 2, 0 4, 0 3, -1 0, -4 0, 1 1, -3 -4, -2 4, 0 0, 3 2
		No.425: 4 4, -2 -2, -3 -4, -2 1, 1 1, -3 3, 1 -3, -3 2, 0 4, -4 0
		No.426: 1 2, -4 3, -2 4, -1 -1, 3 0, 1 -4, 4 0, 3 -4, -4 -1, -2 -4
		No.427: 3 1, 4 4, 0 1, -3 0, -2 -2, 0 0, 1 -2, -1 -4, 0 4, 0 -1
		No.428: -3 0, 3 -4, -1 2, 0 1, 0 4, 0 -2, 3 4, 2 0, 2 1, 2 -1
		No.429: -4 4, -1 -4, -4 0, -1 -3, 2 0, 0 1, -1 3, -4 -3, -1 1, -3 2
		No.430: 4 -1, 4 -2, -2 1, 3 -2, -1 -3, -1 2, 4 0, -2 -1, -3 1, 1 -3
		No.431: 0 -1, -3 2, -2 -2, 3 -2, -4 0, 0 0, -4 -3, 4 -2, 4 2, 2 0
		No.432: -4 3, 4 -1, 3 0, 3 4, -3 4, 0 -3, 0 -1, -4 -2, -2 3, 2 -1
		No.433: -2 0, 3 1, 0 2, 0 3, -2 1, 1 0, 1 3, -4 4, 4 3, -1 2
		No.434: -2 4, -4 4, 0 0, 0 -1, 4 -2, 2 2, -2 0, -1 4, 1 -2, 4 0
		No.435: -3 0, 0 2, -1 -1, 4 -3, 1 -2, -3 -3, 0 4, 2 4, 1 4, -3 1
		No.436: -1 -2, 0 2, -4 2, 0 3, 4 3, -1 1, -3 0, -2 -4, 4 0, 1 0
		No.437: -3 -4, 4 3, 0 1, -1 1, 0 -2, 3 -4, -2 2, 0 0, 0 -3, 4 -2
		No.438: -3 0, -4 0, 2 0, -4 1, -1 -3, 4 0, 1 0, -1 2, 0 0, -1 -1
		No.439: -1 -4, 1 -3, 2 4, 0 -1, -3 -3, -3 -2, -4 -2, 2 -3, 4 4, -4 1
		No.440: 2 0, -1 -2, 1 0, -2 0, 3 1, -3 -3, -3 4, -2 -2, 0 0, -4 -3
		No.441: 3 3, -2 -1, 0 3, 1 0, -1 3, 0 4, 4 0, 1 2, -2 4, 1 -4
		No.442: -3 -1, 2 3, 1 -1, -2 -3, -3 3, 2 2, -1 1, 0 4, 4 -3, 2 -3
		No.443: -3 3, -4 0, -4 -4, 4 -4, 0 2, 2 3, -4 1, -3 -4, -1 3, 0 4
		No.444: -1 1, 0 3, -4 -2, -1 -2, -2 -1, 1 0, 4 2, 0 1, 0 -2, -1 3
		No.445: 2 0, -3 4, -1 0, 2 -4, 4 0, 1 -2, 0 4, -4 4, 0 -4, -3 2
		No.446: 4 -1, 2 -1, 0 -2, -4 -3, 2 0, -1 3, 4 3, -3 1, -3 -1, -2 2
		No.447: -3 0, 4 -2, -1 2, 1 1, -1 4, 3 -4, -4 -2, 3 1, 4 1, 0 0
		No.448: -1 2, 3 0, 3 3, 0 -1, -1 4, 2 4, 2 1, 0 -3, 3 2, 0 0
		No.449: -4 0, 1 1, 4 0, 3 4, -1 -1, 0 -3, -2 4, 0 -1, -1 -3, -1 -4
		No.450: -3 -2, -3 -4, -4 4, 4 1, -4 0, 2 1, -2 2, -2 -1, 4 -2, 2 -3
		No.451: 0 0, -3 -3, 4 1, 0 -1, 3 -2, 0 -4, 2 -4, 4 2, 4 3, 0 -3
		No.452: -4 -3, 0 2, -3 2, -2 -4, -3 -3, -2 3, -2 -3, -3 3, -2 2, 3 -3
		No.453: 1 3, -1 2, 1 0, 3 2, 2 1, 1 1, 0 -4, 4 0, 0 0, 2 0
		No.454: 4 0, -1 0, -2 -3, 3 4, -4 2, 3 2, 0 1, 2 0, 2 -2, -3 -1
		No.455: 4 -4, -2 1, -2 4, -3 2, 4 -2, 1 0, 2 2, 4 2, -1 3, -3 -2
		No.456: -2 0, 0 3, -2 1, 0 2, 1 -2, 3 1, 4 -2, 2 -1, 0 0, -4 -1
		No.457: -4 4, 2 -3, -3 -4, -3 2, 3 -2, 4 1, 1 -1, -4 -4, -1 -4, -1 2
		No.458: 0 -4, 2 -3, -1 -2, 1 -1, 0 -2, 2 3, -4 -1, 1 -2, -1 -3, 0 -3
		No.459: 4 0, -1 0, 0 0, -2 1, 0 1, 1 -2, 0 -2, -4 1, 2 0, -1 -2
		No.460: 4 3, -1 4, -4 3, -4 -3, 0 0, 0 1, 4 2, -2 -3, -2 4, -2 0
		No.461: 4 -3, 4 -2, -3 4, -1 1, 0 -2, 3 0, 1 2, -1 -1, 1 0, -3 -2
		No.462: 1 4, 1 -3, 4 3, 2 0, -2 4, 2 2, -2 0, 0 -1, -2 -2, -1 2
		No.463: 0 0, -2 0, -2 3, -2 -4, 4 0, 2 -1, -3 0, 0 -2, 1 -1, -1 0
		No.464: -4 2, 2 -1, 0 1, 0 -3, 1 3, 0 3, -3 -3, -1 0, 1 -1, 1 -2
		No.465: 3 0, -4 0, 1 2, 0 2, 3 2, 2 -1, 2 1, 0 -4, 2 -2, 1 -4
		No.466: -1 0, 3 2, 0 2, -1 3, 0 -4, -2 2, 4 4, 1 0, -2 -4, -1 -3
		No.467: -1 0, 3 -2, 2 3, 2 -1, -4 0, 0 3, 4 0, 1 0, -3 -3, -1 1
		No.468: 2 4, -1 1, -3 4, 3 3, 1 1, 0 0, 3 -3, -1 -1, -2 0, -2 -4
		No.469: -1 -4, -2 3, -3 -2, -4 0, -4 1, 1 3, 4 2, 0 0, -2 -4, 2 -2
		No.470: 4 -2, -4 2, 3 -3, 4 0, -2 4, 3 -4, 0 1, 1 -3, 2 1, -1 -4
		No.471: -3 3, 1 -2, 0 3, 4 -2, -3 -1, 2 4, 0 -4, -1 0, 1 -4, 0 0
		No.472: -4 -4, 4 0, 2 0, 4 -1, 1 1, -2 -2, 4 3, 0 -1, -1 -3, -1 -2
		No.473: -4 2, 1 -3, -3 0, 0 0, 4 3, -4 0, -1 1, 0 2, 4 1, 4 0
		No.474: 0 1, 1 0, -1 2, 1 1, -1 0, 1 3, 4 -1, -1 4, -2 2, -1 1
		No.475: 2 0, 0 3, 0 1, -4 -4, 0 -2, 2 3, 0 4, -4 -1, 0 -4, 4 -1
		No.476: 0 -2, 2 -1, -3 -2, -3 0, -4 -1, 0 2, 3 -1, -3 -3, -1 2, -3 -1
		No.477: -3 2, -2 -4, 0 -3, 3 -2, 3 1, -2 -1, -2 0, -3 -4, 1 -3, 0 2
		No.478: 0 -3, 4 2, 2 -4, 3 -2, 1 -1, 3 -4, -4 2, -3 -1, -3 0, -2 0
		No.479: 1 1, -3 0, 0 -1, 0 3, 0 -2, -1 4, 2 4, -3 -1, -1 -2, -2 3
		No.480: 4 0, 0 0, -3 -3, 1 -3, -4 -4, 0 -2, -1 3, -2 2, -3 2, 0 2
		No.481: 0 -3, -4 -1, 1 -3, 2 4, 4 3, -1 2, 2 0, -1 3, 0 2, 3 0
		No.482: 1 4, -3 -3, 4 4, 1 2, -3 0, -4 3, -1 4, 1 -3, 3 3, -1 0
		No.483: -2 -4, 1 2, 1 4, 3 0, 2 3, 3 -3, 2 -3, -2 2, 3 1, 1 -4
		No.484: 0 1, -1 -1, 2 0, 3 0, 0 3, 4 2, 0 4, 0 -4, -2 2, 3 -3
		No.485: 2 -4, 1 -4, 1 -1, 3 0, -2 -4, 1 -3, -2 -2, 0 -4, 1 1, -2 -3
		No.486: 2 0, 0 2, 0 0, 2 3, -4 -3, -2 0, -2 -3, -2 3, -3 1, 0 1
		No.487: 3 3, -3 -3, -2 4, 4 2, -2 0, 3 0, 0 2, -1 -1, 1 -4, -1 0
		No.488: 2 2, 2 -3, -4 1, 1 0, 0 -4, 3 -2, 0 3, -3 3, 0 0, -4 -1
		No.489: -2 -3, 0 3, 0 0, 3 -4, 4 0, 4 1, -1 -4, -2 1, 1 0, 0 -4
		No.490: -3 3, 0 2, -2 3, 0 0, -1 0, 1 0, 2 -4, -1 2, -3 4, -2 2
		No.491: -2 4, 2 -1, 4 -2, 1 0, 2 0, 2 -2, 4 0, -1 1, -3 -1, -1 2
		No.492: 4 4, -1 2, -4 1, 3 1, 0 -3, -2 4, -4 -4, 4 -3, 1 -4, -4 0
		No.493: -3 -2, 1 2, 0 -3, 3 -3, -1 1, 2 1, -4 -4, -4 2, -4 0, -4 1
		No.494: 4 3, 4 1, 0 1, -4 0, 3 3, 2 2, 3 4, -1 2, -1 0, -1 1
		No.495: -3 2, 3 2, 0 0, 3 -3, -1 0, 0 -1, 4 4, 0 1, 4 2, 2 -3
		No.496: 0 3, 2 3, 4 0, -1 0, 0 4, -3 0, 4 -3, -4 4, -4 0, 0 -4
		No.497: 4 0, -1 4, -4 0, -3 -3, 3 3, 2 3, 2 -3, 3 0, -4 2, 0 -2
		No.498: 2 -3, -3 -3, -4 -1, -2 4, 1 -3, -4 0, -3 4, -1 0, -1 2, 2 1
		No.499: 1 3, 0 -2, -2 3, 0 0, 3 1, 1 -1, 3 3, 3 0, 4 0, 0 4
		No.500: 3 -3, 3 -1, 0 2, -1 -1, 4 -2, -1 3, 0 3, 0 4, -3 2, -2 3
		No.501: 3 1, 1 -4, -4 -3, 2 4, -2 4, -3 -4, -1 0, 2 1, -1 2, 3 0
		No.502: -3 -2, -4 3, 3 1, 0 -1, 4 4, 4 0, 0 4, 0 -3, -3 0, 1 -3
		No.503: -1 2, -2 0, 2 3, 2 4, 1 -3, -3 -4, 0 3, 3 1, -2 4, -2 -2
		No.504: -4 -4, 3 0, -3 3, 4 -2, -2 -3, -3 -4, -4 3, -4 -2, -3 0, -1 0
		No.505: 4 4, 0 0, -2 -2, -4 2, -4 0, 1 4, 3 0, 3 1, 2 4, 1 0
		No.506: -4 -3, 2 1, 0 -4, -3 0, -2 0, 1 -1, -1 0, 3 3, 2 3, -4 0
		No.507: 1 -4, 0 0, -3 0, -3 -1, 4 1, 4 -1, 1 -2, 2 0, -3 4, -3 -3
		No.508: 3 4, 0 4, 2 -3, 0 -3, -2 4, 0 3, 4 1, 1 1, 0 -2, 1 0
		No.509: -4 0, -4 -4, -4 -2, 0 -4, 0 -3, 1 -2, -4 -3, -2 2, 1 -3, -4 1
		No.510: -4 -3, 3 -4, -2 4, 3 -1, 2 -4, 2 1, 2 0, -3 -4, -3 0, 0 -3
		No.511: -2 4, -3 1, 3 -3, -1 0, 0 -3, 3 -1, 1 -2, 3 3, 0 2, 0 0
		No.512: 0 -2, 4 4, 0 2, -1 -1, -2 -3, 2 -1, -3 -3, 3 2, 4 0, -4 1
		No.513: -2 -2, 0 3, 3 2, -1 0, -2 3, -3 3, 3 3, 0 -2, 2 3, -4 2
		No.514: 0 -1, -4 0, 4 -1, 4 2, -2 -4, -1 2, -1 -3, -3 4, 1 3, -1 0
		No.515: 0 4, 0 0, 4 -4, 1 -4, 0 2, 0 -1, -2 2, 4 2, 0 -2, -3 -1
		No.516: 0 3, -1 0, -3 -1, -1 4, -2 0, 0 2, -2 -2, 2 2, 4 2, 2 3
		No.517: 4 2, 0 2, 1 0, 0 -3, 3 -1, -3 -2, 1 -4, 3 -2, 2 -4, -4 3
		No.518: -4 -3, 3 2, -1 0, 1 -3, 0 -2, 0 -4, 0 0, -3 -3, -3 2, -3 -4
		No.519: 0 -2, 3 2, -1 -2, 2 0, 3 -4, 0 -1, 3 3, 4 -4, 3 0, -3 -1
		No.520: 0 1, 3 2, 1 2, 0 0, 4 -4, -3 3, -4 -2, 3 -2, 0 2, -4 0
		No.521: 3 -4, -1 -2, 1 0, -1 -1, -4 0, -2 -4, -1 3, -3 4, -4 4, 3 0
		No.522: 4 -1, -3 0, 3 -4, 3 -1, -2 -4, -3 -1, -2 0, 0 0, 0 3, -4 -2
		No.523: -4 2, 2 4, 2 1, 1 -2, -1 -4, 0 2, 3 0, -1 -2, 4 -3, 3 -2
		No.524: 4 -4, 1 4, 3 -2, 2 0, 0 0, -2 3, -1 -2, 3 2, 4 4, 0 -3
		No.525: 0 0, -1 0, 2 -4, 2 2, -3 3, 0 4, -4 0, -2 -4, 3 -4, 0 -3
		No.526: -4 0, -2 2, -2 -3, 4 -1, -4 -1, 1 -4, 0 -3, -3 4, -2 4, -1 -1
		No.527: -4 -2, -1 -4, 0 2, -4 2, 0 -3, 0 -2, -3 0, -3 -1, -1 0, 4 0
		No.528: 0 -1, -2 1, 0 0, 1 -4, 3 -3, -3 1, 2 -2, 4 -2, 4 -4, 1 -2
		No.529: 1 -4, -2 -1, 0 0, 1 0, -2 0, -4 1, -2 4, -1 0, 4 0, -4 4
		No.530: 4 -3, -4 4, -2 -2, 2 -3, -4 -2, -1 -2, -2 1, -3 2, -4 -4, -1 4
		No.531: -4 -4, 3 2, -3 -3, 0 0, 3 0, 1 -1, 1 0, -3 0, -2 -1, 0 -4
		No.532: -2 1, 4 3, -2 -3, 4 -3, 2 0, -2 4, 4 0, -3 -2, -1 3, 0 -2
		No.533: -3 -1, 0 0, -4 0, 4 2, -3 -4, 2 2, 2 -2, 2 0, 0 3, -1 0
		No.534: 0 2, 1 1, -4 0, 4 -4, 4 0, -3 -1, 0 -4, 1 -1, 0 1, 0 0
		No.535: -3 2, -1 3, -1 0, -2 0, 4 -4, 2 3, 4 3, 0 -4, -3 -4, 1 4
		No.536: -2 -3, 0 2, 2 -4, 0 4, 4 1, 0 -2, -4 -2, -3 0, 2 0, 0 0
		No.537: -1 -3, -1 -2, 1 -3, -3 2, 4 3, 2 4, 0 -4, -3 -1, -4 3, 3 1
		No.538: 4 4, 3 -4, -3 0, 0 -3, 4 0, 0 4, -4 4, 3 0, 3 -2, 0 3
		No.539: -1 -4, -2 -3, 1 -1, 2 -1, 0 -1, 3 -2, -3 -4, -2 0, -1 -3, -2 -2
		No.540: 4 3, -2 2, -1 2, -1 -1, 0 -4, 2 -4, 3 1, 0 1, 1 1, 4 0
		No.541: -2 1, 3 0, 3 -2, -3 -4, -4 0, -2 2, 0 1, -1 3, -3 -2, 0 0
		No.542: 4 3, 2 -2, 0 0, 3 0, 3 1, -3 4, -4 -3, -4 0, 2 -3, 1 -1
		No.543: 4 -2, 0 3, -2 0, 3 0, -2 4, -1 -3, -1 4, 2 -3, 0 -2, -4 2
		No.544: 1 4, 2 -3, -2 -1, -4 1, 1 -1, -1 2, -2 -3, -4 4, -4 3, 0 -4
		No.545: -3 -3, 1 -2, 0 2, -4 0, 3 0, 4 1, 3 -2, -3 -4, -3 3, -3 0
		No.546: 0 1, 2 -2, -3 0, 3 -1, 1 -1, -4 -2, 1 -4, -2 1, 0 3, -1 4
		No.547: 0 -1, 0 1, 3 1, -3 4, 0 4, -3 -2, 0 -3, 0 0, -4 -3, -1 2
		No.548: 4 3, -2 1, -2 2, 3 3, 3 4, -4 0, 2 -3, 0 4, 3 0, -3 0
		No.549: 2 -3, -2 -3, 3 0, 0 -4, 0 4, 3 -4, -2 -1, 4 3, 1 -2, 4 0
		No.550: -3 4, 4 -1, 1 -3, 2 1, 0 3, -4 -1, -2 -2, -3 2, 2 -3, -1 4
		No.551: -1 4, -2 0, 4 0, -3 0, -1 0, 1 -2, -2 -2, -2 -3, -4 0, -1 2
		No.552: -1 3, 3 1, 4 1, -3 -3, 2 -3, 0 3, 0 -2, -3 -4, -3 0, -1 -1
		No.553: -4 -1, 2 -4, -3 0, 4 -4, 0 0, 0 -1, 4 -1, 1 -1, 4 4, -2 4
		No.554: 3 2, -2 -4, 0 -1, 1 -2, -4 -4, -3 0, -1 0, -1 2, -4 4, -3 2
		No.555: 0 1, 0 -4, 4 1, -1 -1, -4 -3, 1 -1, -4 0, -2 0, 0 -3, 3 -4
		No.556: 2 -1, 4 0, 2 1, 0 -3, -3 1, 2 2, 4 1, -2 2, 4 -1, 1 1
		No.557: -1 3, 0 3, -1 -1, 4 4, 2 3, 0 0, -4 3, 4 -1, 2 -1, 3 -2
		No.558: -2 0, -1 3, 4 3, -4 1, 3 1, 0 1, 4 -3, 1 1, 0 2, 4 -2
		No.559: 4 -1, 3 3, 1 2, 0 -4, 4 1, -4 -1, -3 0, 1 -3, -1 -3, -4 -3
		No.560: 0 -3, 3 -2, -4 1, 0 2, -2 1, 1 0, 4 1, 4 4, -1 -2, 0 0
		No.561: -1 1, -1 2, -3 -1, 0 1, 0 -2, 4 4, 2 -1, 2 1, -4 -3, 1 -4
		No.562: 1 -1, 1 4, -1 4, 3 -4, -1 -3, 4 0, -2 -3, -3 4, -3 1, -2 -4
		No.563: 0 0, 0 -4, 1 -2, -3 4, -4 -3, 1 0, 2 3, 0 -2, -4 4, -1 1
		No.564: 3 0, 0 3, 4 -4, -2 -1, 1 4, 4 0, 0 -4, 3 -1, -2 2, -2 -2
		No.565: 1 -4, 4 0, 4 -1, 2 3, -3 -2, -3 -1, -1 0, -3 1, -2 -1, -2 1
		No.566: 0 3, -4 1, -2 3, 3 1, 4 3, 2 -4, 4 -2, -2 -1, -4 -2, 0 -4
		No.567: -2 2, 4 2, -1 -3, 1 4, -2 -3, -4 4, -1 1, 0 4, -4 0, 1 1
		No.568: 0 0, 4 2, 1 0, 2 -3, -2 -2, 3 -3, 1 1, 1 -4, -3 -3, -2 0
		No.569: 0 3, -3 0, 0 0, -4 -1, -4 3, 2 1, -1 2, 1 1, -2 2, 4 0
		No.570: 1 -1, 4 1, 3 -3, -2 -4, -3 -3, -4 2, 1 4, -3 3, 0 2, 2 3
		No.571: -1 -4, -3 -4, -3 0, 0 0, -4 4, 1 0, 4 4, 4 0, 2 -3, 4 -4
		No.572: 4 -3, 3 4, 2 0, -4 -1, -2 -1, 2 -4, 0 -3, 3 1, -3 2, -3 -1
		No.573: 2 -4, -1 -3, 1 -4, -3 -4, -4 3, 4 -4, 3 0, 2 3, 4 2, -1 3
		No.574: -4 3, -2 0, -4 -2, 3 1, -1 0, 0 1, 0 -2, 0 -4, -4 0, 0 0
		No.575: 1 1, 0 1, -1 -4, -4 4, 4 0, -3 0, 0 0, 0 -2, -4 0, -3 -4
		No.576: 1 -4, -4 0, -1 -1, 0 3, 1 3, -3 3, 0 2, 1 2, 1 -1, -4 -3
		No.577: -4 0, 1 -3, 3 -1, -4 3, 0 1, 0 4, 4 0, -2 -2, 0 0, -2 2
		No.578: 4 -2, -2 -2, 1 -1, 4 -3, 0 3, 0 2, 0 -2, 3 1, 1 3, -1 4
		No.579: 4 1, 4 2, 1 -3, -1 2, -2 4, 0 -4, -3 -2, 0 -1, -3 0, 4 -2
		No.580: -1 0, -4 -2, 0 -2, 1 -2, 4 2, 1 -1, -1 2, 2 3, 2 1, -2 0
		No.581: -2 0, 0 2, 3 -2, 2 0, 0 -3, 0 0, 4 3, 2 -3, 1 4, -1 -3
		No.582: -4 -1, -3 1, -2 2, 2 4, 0 0, 4 -3, -1 0, 3 -3, 0 -4, -3 0
		No.583: -2 -3, 0 -2, -2 3, 3 -1, -1 0, -2 2, -2 0, -1 -1, 2 -1, 0 0
		No.584: -1 4, 2 -1, -4 2, 0 -3, -3 -2, 3 -4, -1 -3, 0 4, -1 -4, -4 0
		No.585: 2 -4, -3 2, 3 -3, -3 3, 0 -4, -4 4, -3 0, 1 -1, 4 0, 0 0
		No.586: -3 2, 3 4, -2 4, 0 3, 1 -2, -2 0, 3 -4, -1 1, 2 0, -2 -4
		No.587: -2 4, 0 0, 0 2, -4 0, 0 1, 1 0, 2 -3, -3 -4, 3 3, -4 1
		No.588: -1 -1, 2 4, 4 3, -4 1, 1 3, 4 4, -1 4, -3 0, 0 1, 0 0
		No.589: -2 3, 0 -2, 4 4, -4 2, -3 0, 2 0, 3 4, -1 3, -4 -2, -1 -1
		No.590: 3 3, -3 -2, -1 0, -3 -3, -2 4, 0 2, 0 4, -3 0, 0 3, 4 1
		No.591: 2 -4, 2 0, -3 -1, 3 4, 3 2, -2 4, -1 0, 2 -3, -2 -4, 3 -1
		No.592: 2 -4, 0 0, -1 0, 0 -2, -4 -2, 2 -1, -3 3, -4 -4, 3 -1, -4 0
		No.593: 0 2, -1 3, -4 -2, 0 -1, 0 -3, -2 2, -2 1, 2 3, 3 2, 0 1
		No.594: -4 0, 2 3, 3 2, -4 2, -2 0, 1 3, -2 3, 0 -2, -3 3, 1 -1
		No.595: 0 1, -2 -2, 1 -3, 3 0, 0 -1, -3 4, -1 3, -2 4, 2 4, 1 1
		No.596: 3 -4, -4 0, 3 -2, 1 -4, 3 4, 2 0, 0 -2, 0 4, 4 4, -2 0
		No.597: 4 3, 0 2, 0 0, 4 -2, 3 1, -2 0, 4 4, 0 -3, 2 -2, -1 4
		No.598: 0 1, 0 -4, -2 4, -4 1, 2 0, -4 0, 2 -4, 4 -1, 2 2, 3 0
		No.599: 0 -2, 2 -3, 0 0, -4 4, -2 0, -2 -1, 1 4, 4 0, 0 1, -4 -1
		No.600: -2 3, -1 2, -4 4, 2 0, 4 -2, 0 1, 4 3, 3 -3, -1 -2, 4 -3
		No.601: 2 0, 3 4, 0 1, -1 1, 2 -2, -4 3, -4 2, 4 -2, -2 -2, 0 0
		No.602: -4 -1, -2 -2, 2 -3, 0 0, 4 1, 4 0, -3 4, 0 -2, -4 0, -1 3
		No.603: 4 1, 0 2, 1 -2, -4 -1, 1 -3, 2 1, -4 2, -1 4, -4 4, 0 1
		No.604: 3 -4, 2 -1, 0 0, -2 0, 4 -4, 0 -1, 1 1, 1 3, 0 -2, -1 0
		No.605: -4 1, 1 -3, 3 4, 0 0, 2 -1, 0 1, -1 -4, 2 -3, 0 2, 1 1
		No.606: -3 2, -1 -1, 0 3, 3 0, -3 1, 2 -1, 1 3, -2 2, -1 0, -1 1
		No.607: 0 1, 2 -4, -3 0, 1 -2, 0 -2, -1 3, 0 -4, 3 -4, 2 0, 4 4
		No.608: -4 -3, 4 3, 1 2, 3 -4, -3 -2, 2 -2, 4 4, 0 1, 1 4, -3 -1
		No.609: -2 -1, 0 -2, -1 1, 4 -3, 1 3, -1 4, 0 -4, 3 3, -3 4, 2 -2
		No.610: -3 -4, 0 0, 1 3, -2 0, 3 4, 2 0, 4 -1, 1 -3, -2 -3, 1 4
		No.611: 1 2, 1 4, -1 0, 0 0, -3 0, 4 2, -4 2, -2 4, 0 4, -3 4
		No.612: 2 -3, -4 -3, 0 2, 2 4, 2 -1, -3 -2, -3 -3, 1 4, 1 -2, 4 -3
		No.613: -3 -2, -3 -4, 3 2, -2 -4, -1 -3, 3 4, 4 -4, 2 1, 3 3, 0 -3
		No.614: 3 0, 0 2, 4 0, 2 1, 0 0, 0 1, 1 -3, -3 1, 0 3, -2 -2
		No.615: 3 3, -2 -2, -1 -4, 4 1, 3 0, 3 -3, -3 -1, 4 -1, 0 -4, 0 2
		No.616: 2 -1, -1 2, 2 0, -4 -1, 1 1, 3 -4, 2 1, 0 3, 1 -3, 1 0
		No.617: -2 0, -4 3, -4 -3, 4 -2, -3 -2, -2 3, 0 -1, 4 4, -1 -2, -2 -4
		No.618: 2 2, -4 -3, -2 2, 2 0, 1 -3, 3 4, 0 -4, 3 2, 1 4, 0 -2
		No.619: -3 0, -1 -2, 2 -2, 0 0, 0 -1, 1 -1, -4 -4, 4 2, -1 4, -3 1
		No.620: -2 -4, -2 -3, 4 -4, -1 3, 0 0, -3 -2, 1 -2, -1 4, 1 -1, 1 -3
		No.621: -2 4, 2 0, -1 0, 3 1, -4 -1, 0 0, 2 -3, 4 1, 3 -2, 0 -2
		No.622: 4 -1, -1 -3, -3 1, -4 -3, 0 0, -4 0, -1 1, 0 4, 4 -4, -2 0
		No.623: 1 1, 3 -4, -2 -1, 2 -2, -4 4, 4 4, 0 -2, 0 -3, -3 1, 0 3
		No.624: 1 -3, 1 2, -4 2, 0 -3, 1 -4, -3 -4, 4 -1, 4 -4, 0 0, 2 0
		No.625: -1 -4, 0 2, -4 2, 4 0, -3 -2, 1 -1, 1 -2, -1 -1, 0 4, 3 -1
		No.626: -2 -1, -2 -3, 2 4, 2 -3, -1 -1, -1 4, 4 3, -1 2, -3 -3, 0 2
		No.627: -2 0, 0 2, 1 4, -3 -2, 4 0, 4 -3, 2 -4, 1 3, 2 1, -1 -4
		No.628: -1 -1, 1 3, 0 -4, 0 -1, 2 -2, -2 -4, -1 -2, -1 -3, -3 0, -3 -2
		No.629: 3 1, -3 0, 0 3, -3 1, 0 0, -4 0, 4 -3, 0 1, -3 -4, 0 -1
		No.630: 4 0, 2 -3, 0 1, 1 1, 1 -1, -4 4, 4 3, -2 -4, -4 0, 3 -1
		No.631: -4 0, -3 -4, 0 0, -3 -3, 1 -3, 3 4, 3 -3, 3 0, -1 -1, 3 1
		No.632: -3 3, 4 -4, -3 2, -4 -3, 1 2, 3 3, -3 0, 0 -2, 0 4, -1 1
		No.633: 4 2, -4 -1, 0 4, 3 3, -4 3, -2 0, -3 0, 1 0, 2 0, 2 3
		No.634: -1 3, 0 -1, 2 4, 4 3, 1 -1, -4 0, 3 1, 2 -1, 1 1, 3 4
		No.635: 0 1, -4 4, 1 3, -1 2, 1 2, 0 0, -3 4, 4 -4, 3 -2, -2 4
		No.636: 0 -1, 1 2, 1 0, -2 0, -4 -1, -1 -2, 2 0, 0 -2, 0 -3, -1 4
		No.637: 1 3, -1 2, 1 0, -1 3, 4 3, -4 4, 0 0, -2 2, 1 -3, 0 2
		No.638: 0 -3, 3 4, 0 -4, 0 0, 3 0, -3 -4, 3 1, 4 0, -3 1, -4 1
		No.639: 0 -1, 4 4, -2 -1, 4 2, 2 -2, -4 0, 2 0, 1 1, -2 0, -1 -4
		No.640: 4 0, 1 -2, -4 1, -2 2, 3 -2, -4 0, 3 2, 4 -2, 0 0, -3 2
		No.641: 0 3, -4 1, 0 1, -1 -2, -2 -1, 0 -2, 4 0, -4 -2, -2 2, 2 -4
		No.642: -1 0, 2 4, -4 0, -3 4, -1 1, -3 0, 2 3, -4 -1, 4 -2, 1 0
		No.643: -2 4, 0 3, -1 2, -3 1, 0 -4, -3 3, 2 2, 3 0, 2 -2, -4 -1
		No.644: -3 1, -1 0, -3 4, 1 1, -2 -4, -2 4, 0 1, -4 -4, 0 0, -1 1
		No.645: -2 1, 3 2, 3 -4, 1 0, -1 2, -1 -2, -3 4, -3 1, 3 1, 0 1
		No.646: -2 4, 0 0, -4 2, -1 3, 1 3, 2 -3, -3 0, 4 -3, -4 -2, 0 4
		No.647: 4 2, -3 2, 0 0, -2 3, 0 4, 0 -2, -1 2, -4 -4, 3 -1, 2 -2
		No.648: 2 2, 4 4, -1 0, 0 3, 0 -3, 4 0, 2 0, 2 3, -1 1, 3 -2
		No.649: 0 0, -3 0, 4 1, -1 3, -4 -1, 0 -4, 3 -3, -3 -3, -2 2, 1 3
		No.650: -3 -1, -2 4, 2 1, 1 0, -1 -4, 3 4, 2 -3, 4 -3, -1 1, -3 -3
		No.651: 3 3, 1 2, 2 3, -1 1, 0 -1, -1 3, 0 -2, -3 4, 3 -2, 0 1
		No.652: 2 -4, 4 0, -4 2, -2 -2, 4 -3, 2 -1, 0 3, 2 -3, 1 4, 4 2
		No.653: 4 0, 4 -4, 3 2, 0 4, -1 0, 1 -2, -2 3, -4 4, -3 -3, -1 3
		No.654: 1 1, 1 0, 3 -2, 0 -2, 2 4, -2 -2, -2 1, 1 2, -1 -2, -1 0
		No.655: 0 -4, 3 4, 1 0, -4 0, 3 -1, -2 -3, 4 1, 1 -1, 1 -2, 2 -4
		No.656: -2 0, 4 -3, 1 1, 0 0, 0 -2, 3 0, 4 2, -2 -2, -4 3, 1 -2
		No.657: 0 -4, 1 0, 2 -3, -1 -2, -4 0, -1 4, 3 4, 2 -2, 4 2, 0 0
		No.658: 0 2, 0 -4, -1 -1, 0 4, -3 -3, 0 0, 3 4, -3 3, -2 1, -3 0
		No.659: 0 0, 2 0, 0 3, 2 4, -2 -2, -2 1, 1 -3, -1 1, 0 4, -3 1
		No.660: 0 0, -3 0, -1 0, 1 0, 1 2, 3 3, -3 1, -4 3, -4 -4, -2 0
		No.661: -1 3, -3 3, 1 0, 4 2, 0 4, 2 -1, -4 -4, 0 0, -3 0, 3 -2
		No.662: -2 -4, -3 -1, 0 2, 3 -3, -1 -4, 3 -4, 4 1, -3 1, 0 4, 1 3
		No.663: 3 2, 0 -2, 3 -1, -1 -3, 2 2, 0 0, -4 -4, -3 1, 0 -4, -2 -4
		No.664: 0 -3, -3 -2, 2 -4, 0 -2, 3 3, -1 0, 3 -1, 0 -1, -4 4, -1 -2
		No.665: 0 0, 2 1, 2 3, 0 2, 4 3, -3 0, 1 -2, 0 -1, 4 0, 0 -3
		No.666: 3 0, -4 2, 0 1, 1 4, 2 0, 0 2, -2 4, 4 1, -4 3, 0 -1
		No.667: 0 3, -1 3, 4 0, 3 -2, 3 2, 0 -2, 4 -3, -1 0, 2 2, 1 -3
		No.668: 1 4, 3 2, -1 0, 0 -2, 1 3, 0 0, -4 4, 2 -3, 2 0, 3 1
		No.669: -4 3, 3 1, -4 2, 2 3, -4 -4, -4 4, -4 -3, 2 -3, 0 -2, 4 -3
		No.670: -4 -2, 0 -4, 0 0, -3 -1, -1 3, 0 1, -3 4, 2 0, 1 2, -4 1
		No.671: -4 2, -4 -4, 0 0, 3 0, 1 4, 4 -2, 1 -4, -2 4, 4 -4, 2 0
		No.672: 2 2, -2 -3, -3 -3, -3 -1, -3 -4, 2 -4, 2 0, 4 1, -4 -2, -2 0
		No.673: 1 4, 0 2, 4 -1, 1 2, 4 1, 4 -4, 1 -4, 0 -2, 0 -1, -4 0
		No.674: -4 -2, -3 0, -4 1, -4 0, -1 -4, 0 -4, 2 0, 3 2, -2 -2, 1 3
		No.675: -4 2, -4 -1, 0 0, -3 0, 1 0, -2 1, -2 0, 4 4, -1 0, 3 -3
		No.676: 1 -2, -4 4, -1 -1, 1 4, 4 -1, -1 4, -4 3, -3 2, 2 -4, -2 3
		No.677: -4 -4, -4 0, 4 0, -4 -1, -1 3, 2 -2, 0 -2, 0 0, -1 -1, -2 3
		No.678: 2 0, -2 0, 1 2, -2 3, -1 4, -4 -2, -4 1, 4 0, 1 4, 0 -4
		No.679: 3 0, -3 -4, 0 -1, -3 4, 0 -4, 0 2, -3 1, 4 1, -1 -3, 3 4
		No.680: 0 0, 2 -4, 0 3, 1 -2, 1 0, 0 2, 2 1, -2 1, -3 -4, -4 -1
		No.681: 1 -2, -4 -4, -2 -1, 2 -2, 2 1, -4 -3, 4 -3, -1 0, 0 -3, 0 2
		No.682: -3 3, 4 4, 0 1, 4 -4, 1 1, -1 -2, -4 -3, 1 3, 0 -3, 2 0
		No.683: -2 -3, -2 1, -4 3, -1 -2, 0 0, 4 0, 1 0, 0 3, -1 0, 1 -4
		No.684: 0 3, -4 0, -1 3, 4 -3, 0 -4, -3 2, 0 0, 0 -1, 0 -3, 1 2
		No.685: 4 -4, 4 0, -2 2, 2 0, 0 -1, -2 -4, -1 -3, 0 0, 0 -3, -1 1
		No.686: 1 -3, 3 0, 2 4, -2 -4, 0 -1, -1 -4, 4 -2, 1 -4, 0 0, 4 1
		No.687: -3 1, 2 -1, 0 2, 0 -1, -4 3, 3 -2, -1 -3, 2 2, -4 -3, 0 0
		No.688: -2 -4, 1 0, 1 4, -3 0, 4 4, -3 1, -4 -3, 0 1, -1 1, -1 3
		No.689: -2 3, -1 -3, 3 0, -2 -1, 2 -1, 3 1, -3 3, 3 2, 3 -3, 0 -4
		No.690: -3 -3, -3 3, 0 -3, 1 -4, -2 -3, -1 3, -2 0, 3 2, 1 0, 0 -4
		No.691: 0 2, 0 4, -2 1, -4 0, -4 1, -4 -1, 4 3, -3 4, 1 -1, 2 -3
		No.692: -3 -2, -1 -1, 2 4, -4 -2, 2 0, 0 0, 2 3, -3 -4, 1 -1, 0 3
		No.693: -3 2, 2 -1, -1 -4, -3 -2, -1 0, 3 1, -2 2, -3 1, -3 3, 0 -4
		No.694: 1 2, -4 2, 0 0, 4 1, -2 3, -4 -2, 0 1, -3 1, -4 -4, 0 -4
		No.695: 0 -1, -2 2, -1 -3, -1 0, -3 2, 0 0, 1 -4, 4 -3, 3 1, 3 4
		No.696: 0 0, 2 -4, -2 -2, -4 -3, 0 1, -2 0, 2 0, 1 0, 4 1, 1 -4
		No.697: -1 -1, 3 3, -4 0, 3 0, -3 2, 3 4, 4 0, -1 3, -1 2, 4 2
		No.698: 0 3, -4 1, -1 -3, -4 -1, -2 0, -3 2, 1 -4, 2 0, 0 -4, 1 -1
		No.699: 3 0, -3 0, -4 -1, 0 -2, 4 1, 3 -1, 0 1, 2 -4, 3 3, -2 0
		No.700: -1 1, 2 3, -4 1, 2 0, 1 1, -4 -3, 2 4, 0 4, -1 3, 0 0
		No.701: 2 -1, -2 -2, -3 -1, 1 2, -4 1, -3 0, 3 -3, -3 2, 0 -1, 0 0
		No.702: 0 2, 1 3, 0 3, -2 3, 1 -2, 1 1, 0 -2, 0 -3, 0 -4, -4 -2
		No.703: 2 -2, -2 0, -1 -3, 0 -2, 2 0, -1 -1, 0 -4, -1 0, -1 2, 3 3
		No.704: 4 0, 2 -2, -3 2, 2 -4, -1 -3, -4 -1, -3 1, 0 1, 1 4, -2 2
		No.705: -1 -3, 0 0, -2 -2, 1 4, -2 2, -4 0, -1 -4, 1 1, 2 1, -2 -3
		No.706: -3 0, 3 -2, 0 -4, 1 -1, 4 -3, 0 2, 3 4, -1 -2, 1 -2, 2 -1
		No.707: 0 -3, -1 -4, 4 2, 2 0, -4 -4, 0 1, -2 2, 2 1, -4 0, 0 -1
		No.708: -3 1, 4 1, -2 -2, 1 0, 3 4, 3 -4, 4 0, 2 1, 2 0, 4 -2
		No.709: -3 1, -4 -4, -3 -3, -3 0, 0 -1, 0 3, 2 -1, 1 3, 3 -3, -2 -3
		No.710: -4 2, -1 -3, -3 0, -2 0, -3 -4, 3 0, 3 -4, 3 -3, -4 -2, -3 2
		No.711: -3 0, 1 -4, 3 -2, 0 -1, -4 3, 2 0, -3 1, -3 -1, 3 -1, -1 3
		No.712: -4 4, -2 -1, 1 -3, 4 1, 1 0, -4 3, 0 -3, -2 -2, -1 -3, 0 0
		No.713: 4 0, -1 -3, -4 1, -1 4, -3 -3, -1 2, -3 0, -4 2, -3 -4, 1 4
		No.714: 4 -3, -1 2, 2 -1, -4 2, 1 0, -4 3, 1 -2, 0 -4, 3 2, 2 -2
		No.715: 2 3, -1 0, -1 2, 2 -4, -4 -2, -2 -4, 2 0, -3 3, 2 -3, -1 -2
		No.716: 0 1, 0 2, 0 3, -4 2, -1 1, 3 1, 4 0, 4 2, -2 -4, -2 2
		No.717: 4 -3, -3 3, 3 -1, -1 -4, 1 3, 1 4, 4 2, -4 1, 2 -2, -2 4
		No.718: -1 -3, 4 2, 3 0, 2 1, -2 -3, 0 -4, 0 1, -1 -1, 0 0, -2 -2
		No.719: 0 -4, -4 4, 4 2, -2 -3, 2 -2, 0 2, 3 1, -3 -4, -3 3, -2 4
		No.720: -2 0, -1 4, 2 2, 0 4, -1 1, 0 1, -4 4, -1 3, -2 -1, -4 0
		No.721: 2 0, -3 0, 3 -1, 2 -2, 1 4, -3 1, -1 0, 0 -2, 3 4, 0 -4
		No.722: 3 -3, -3 -1, 0 2, 1 -2, 3 -4, 1 4, -1 2, 0 4, -3 2, 4 4
		No.723: 1 4, 2 -2, 2 0, 1 0, -2 0, -4 -3, 0 2, -2 1, 4 0, 0 -4
		No.724: -3 4, -3 3, -2 3, 0 3, 3 0, 1 0, -1 3, -3 1, 4 3, -2 0
		No.725: -2 -3, 2 0, 4 -3, 1 0, -2 4, 0 4, 2 -4, 0 3, -4 -3, -4 -2
		No.726: -3 0, 4 1, -4 3, -2 -2, -1 2, -2 3, 2 2, 4 -2, -2 -3, 2 -1
		No.727: -2 1, 4 -2, 2 4, 4 0, -2 -3, -4 -4, 0 2, 1 2, -1 -4, 1 0
		No.728: 0 -1, -3 -4, 2 0, -4 -3, 0 2, 0 -2, -4 2, 4 0, -4 1, 0 4
		No.729: -1 -4, 0 0, 1 -3, 4 -1, 3 0, 3 3, 0 4, 0 -1, 2 3, 4 2
		No.730: 3 1, 0 3, 4 -1, -1 0, -1 -3, -2 -3, 0 0, 0 1, 4 1, 4 -4
		No.731: -1 -3, -2 0, 0 1, -2 -2, -3 -4, -4 4, -4 -4, -1 0, -1 3, 2 0
		No.732: 0 -1, 4 -4, -4 2, -1 3, -1 -1, -2 0, 0 0, -3 3, -2 -3, 3 0
		No.733: -3 0, 0 1, -2 1, 4 0, 0 -1, -1 -3, 1 3, -4 3, -4 4, 2 2
		No.734: -1 0, 2 1, 4 -3, -1 -4, -1 3, -1 2, 0 4, -3 -3, -4 4, 0 2
		No.735: 0 -3, -1 0, 0 -2, 2 2, 2 -2, 1 -3, -3 4, 2 -4, -2 4, 0 -4
		No.736: -1 -2, 1 0, 0 1, 1 -2, 2 -3, 4 0, -3 4, 4 2, -2 2, -4 3
		No.737: 0 -3, 0 2, 4 0, -1 -4, -2 1, -1 2, 1 -1, 3 3, -4 0, 0 0
		No.738: 3 -1, -3 2, 4 -1, 3 3, 4 -2, 4 4, 4 0, -1 0, -1 1, 4 3
		No.739: 1 -4, -4 -1, -2 -3, -4 0, 0 -3, 4 -4, -4 2, 2 -4, 1 3, -3 -4
		No.740: 2 -3, -3 4, 2 2, -3 2, -3 -4, 2 0, 3 1, 3 -2, -1 4, 0 4
		No.741: 2 -3, 1 -2, -4 4, 0 -3, -3 4, 1 2, 0 -2, -4 1, 0 1, 2 -4
		No.742: -3 -3, -3 -2, -3 1, -3 3, -2 -4, 4 -1, -2 0, 0 2, 1 0, 3 3
		No.743: -3 -3, 0 4, -1 0, 4 -3, -4 0, 4 4, 0 -2, -4 -4, 1 -1, 2 -3
		No.744: -4 -2, -3 -4, 0 0, -4 -4, 0 1, 1 3, -4 -1, -2 -1, -3 0, -3 -1
		No.745: 0 2, 4 4, 3 -3, -2 2, 1 2, 0 0, -4 3, 1 4, 4 2, -1 -3
		No.746: 0 2, -2 -4, 0 -1, -4 -3, 2 3, -3 -3, 1 4, 0 4, -1 -3, -2 2
		No.747: 0 0, 2 2, 1 0, 3 0, -1 -3, 0 2, 0 -4, 2 3, 4 -2, 3 -1
		No.748: 4 -3, 4 -1, -1 2, 4 2, 2 -1, 2 0, 2 4, -1 -4, -3 0, 3 3
		No.749: 2 -2, -2 -1, -3 -4, 1 3, 0 -4, 1 -4, 3 0, 0 0, -4 -2, 2 2
		No.750: 4 3, 0 3, -2 -4, -3 2, 0 -3, 3 3, -1 0, 3 4, 2 3, -1 1
		No.751: 0 4, -2 -2, -2 4, 4 -2, -4 -2, 2 -3, -3 0, 0 0, -4 2, -4 -3
		No.752: 2 -3, 0 4, -3 -2, 2 0, 1 0, 0 -3, 1 2, 1 -3, 4 -2, 4 -3
		No.753: -4 4, -3 0, 0 -3, 4 4, 2 2, 0 2, 2 -2, 0 -2, 4 -2, -4 3
		No.754: -3 -4, 4 -4, -1 4, -2 1, -4 -3, -1 1, 3 -2, -2 0, 3 -4, 0 -3
		No.755: 0 -2, -2 1, -3 3, 2 0, 0 3, -3 -1, -1 4, 1 0, 4 2, -1 3
		No.756: -4 1, -4 -4, -1 2, -1 3, 1 0, -2 0, 0 1, 2 0, 1 4, -3 2
		No.757: 4 -2, -1 4, 3 0, 1 -2, -1 -4, 0 0, 0 3, 4 0, -1 0, 2 3
		No.758: -1 1, 2 4, 0 1, 4 0, 0 4, 4 -1, -2 -4, 2 -4, 1 3, 0 2
		No.759: 1 -3, -1 3, 0 -3, -3 4, -3 -3, 2 3, 3 1, 1 0, 1 2, -2 -2
		No.760: 0 -1, -4 -3, -2 3, 4 -4, 3 3, 0 -3, 0 1, 4 1, 4 3, 2 2
		No.761: 1 0, 0 2, 0 3, -4 0, 4 3, -3 2, 1 -3, 0 -2, -4 3, 2 3
		No.762: -3 0, 4 2, -3 2, -3 1, 1 4, 3 0, 0 2, -2 -4, 0 -4, 4 -1
		No.763: 3 0, 0 -1, -3 -1, -1 1, 3 1, 4 0, 2 -3, -3 -3, -4 2, 0 3
		No.764: 4 1, 4 -4, 0 -4, 4 -1, 1 1, 4 0, 2 -3, -4 -3, 0 -1, 0 -2
		No.765: 3 -2, 1 3, 1 2, -1 -4, -3 1, -4 2, 3 3, 0 4, -3 -3, -3 -2
		No.766: -2 0, -3 4, -4 2, 2 4, 0 4, 3 -2, 2 -2, -3 1, 0 1, 0 0
		No.767: -2 2, 0 -1, -3 -4, -4 0, 3 -2, 3 0, -3 0, 1 1, 4 2, 4 0
		No.768: -4 -3, 3 2, 4 -1, -3 0, -3 2, -1 -3, 4 1, 3 -3, -1 3, -2 -2
		No.769: -4 0, -3 -3, 3 1, -2 0, 1 3, 3 -4, 4 2, 1 1, 0 0, 0 -4
		No.770: 0 -1, -4 0, 0 -4, 0 -3, 0 2, -4 1, 4 2, 1 0, 2 4, -3 4
		No.771: 0 -2, -3 4, -1 1, 1 -2, 0 -1, 3 4, 0 -3, 2 4, 2 -1, -1 -3
		No.772: -3 -3, 2 -4, -4 1, 0 0, 2 3, 0 -4, 4 0, 3 3, 0 1, 3 1
		No.773: 0 0, -1 0, -1 4, -2 2, 0 1, 0 4, 0 -1, 1 -3, 3 1, 0 -2
		No.774: 2 -1, -3 2, -2 4, -4 0, -4 -3, -3 -3, 2 -2, 0 4, -3 -2, -2 -1
		No.775: 0 4, -2 -4, -2 2, 1 -2, 0 -3, 2 0, -2 0, 0 -2, 0 -4, -4 0
		No.776: 0 2, -4 0, 0 0, 0 4, -3 -3, -2 1, -3 -2, -1 2, -4 1, -1 -4
		No.777: 3 -3, -3 0, -2 -2, 3 0, 0 4, 2 2, 2 0, 0 -1, 4 -2, 3 2
		No.778: 0 0, 4 -2, 2 1, 4 3, 2 -3, 2 2, -1 0, -4 -3, 4 -3, 0 -2
		No.779: 3 -2, 0 -2, 0 -3, -3 -4, 4 2, 2 -2, -2 4, 0 1, -4 -4, 1 0
		No.780: 2 -2, 2 0, -3 4, 2 -1, -1 2, -4 -4, 3 -2, -3 -2, 4 0, 1 2
		No.781: -3 0, 0 -4, 2 3, -1 -1, -3 3, 1 2, 2 -1, 1 1, 2 1, 0 1
		No.782: 1 -1, -1 0, 3 -3, 3 2, 4 1, -1 1, 2 -1, 2 0, 0 -4, -2 -1
		No.783: -3 3, -3 -2, -1 -1, -3 0, 3 0, 0 0, 3 1, -2 3, -4 0, 0 -2
		No.784: -3 0, 3 -3, -2 0, 3 -2, -1 2, 1 1, 2 -2, 0 2, -2 4, -1 0
		No.785: -4 0, 4 2, 0 -4, 0 -3, -4 2, 0 0, 1 -2, 2 4, -3 -4, 0 3
		No.786: -1 2, 1 -3, -1 -2, -3 -4, 2 -1, -4 3, 2 3, -3 -2, 4 -3, 1 0
		No.787: 4 4, 1 0, -3 -3, 0 -1, -1 0, 4 0, -3 4, 2 0, 0 3, 0 0
		No.788: -1 2, -4 4, 2 0, -2 -1, 0 -2, -2 -3, 0 4, -1 1, 1 -2, -3 -4
		No.789: 0 -4, -3 -1, 1 2, 0 -3, 0 0, 0 3, -3 0, -1 0, 3 1, -2 0
		No.790: 0 0, 1 0, 3 4, 0 -4, 4 1, 2 1, 4 0, 2 3, -3 4, -3 2
		No.791: -4 -4, -1 -3, 0 1, 1 1, 0 -4, 0 4, 2 -1, -1 2, -4 3, -4 -3
		No.792: 1 -3, 0 4, 0 2, -1 -2, -3 1, 0 1, 3 0, -2 -3, 1 3, 1 4
		No.793: 1 2, 3 -3, -4 0, 0 4, 0 -4, -1 3, 2 -2, -3 2, 0 0, 4 2
		No.794: 0 -4, 1 1, 2 -1, -1 4, 2 2, 3 2, -4 3, -3 -4, 0 3, 4 -4
		No.795: -3 0, 0 -4, 0 0, 4 0, 2 3, -1 4, -3 2, 0 2, 3 -3, 3 4
		No.796: 0 -1, 4 3, 3 2, -2 -1, 0 1, 3 1, 3 4, 3 0, -3 -4, 4 -2
		No.797: -3 2, 2 4, -1 4, -3 -2, 3 2, 0 -2, -2 -3, -2 0, -3 -3, 4 -1
		No.798: 4 0, 1 1, 4 -1, -4 0, 2 1, 0 1, -1 2, -1 4, 0 0, 0 -3
		No.799: -2 -4, 1 0, -2 3, 4 -1, -1 -2, 0 0, 1 2, 2 0, 3 -1, -3 0
		No.800: 0 -4, -3 -4, -1 -3, -1 0, 1 -3, 1 3, 1 0, -4 1, 1 -4, 0 0
		No.801: 1 3, 0 1, 0 0, 4 0, 2 -3, -2 -2, -1 -3, -2 2, 4 2, -4 2
		No.802: 2 4, -2 4, 0 -3, 2 -1, 1 3, 4 -2, -4 2, 2 -3, -4 0, 3 4
		No.803: -3 -2, 2 -1, 3 3, 2 0, -3 0, -4 -2, 3 -1, 3 1, -4 4, 0 -4
		No.804: -2 -3, 2 4, 0 4, -3 1, 0 1, -1 2, -4 3, -4 -4, 2 -1, -3 2
		No.805: 0 -3, 0 4, -4 3, 2 2, -1 1, 4 1, 4 0, 0 0, -2 -1, -4 -2
		No.806: -1 2, -1 -1, 0 -2, 0 1, -3 0, 1 -1, 2 -2, 2 -4, -2 4, 0 0
		No.807: -3 -4, -2 2, 4 3, 2 3, 4 0, 0 1, 2 -1, -1 2, 0 0, 3 -2
		No.808: -3 -1, 1 -1, 4 0, 4 -3, 2 0, -1 4, -3 0, -2 3, 0 4, 0 0
		No.809: 0 4, -4 1, 4 -1, -2 0, 0 0, 3 -4, -4 0, 0 -4, 1 0, -2 -1
		No.810: -1 -2, 0 -3, 0 -2, 4 1, 4 2, 0 0, -4 -4, 3 0, 0 3, 4 0
		No.811: -4 -1, 0 2, 1 4, -3 3, 0 3, -3 -1, 2 -3, -2 0, -1 0, 2 0
		No.812: 2 1, 1 -2, 0 0, 4 -3, 2 -3, 1 4, 3 3, -4 -3, -3 1, -3 -2
		No.813: -4 4, 1 0, -4 2, -2 0, 0 -4, 1 -1, -1 4, -3 1, -3 -2, 4 4
		No.814: -3 0, 1 -4, 4 1, -3 -4, -4 -3, 0 -1, 3 -2, 3 -1, 1 3, 0 3
		No.815: -1 -2, 4 -2, -2 -1, 2 1, 0 -4, -2 0, 4 1, -1 -1, -1 1, 0 1
		No.816: 3 4, 0 -3, -3 1, 0 3, -1 -1, -4 1, 1 -1, 4 3, 1 4, -3 -1
		No.817: -3 0, -4 3, 4 0, -4 -4, -1 0, 4 1, -3 -4, 0 4, -2 -3, -3 -2
		No.818: 3 -3, 1 4, -4 2, 2 -3, -2 -4, 0 -1, -2 -3, 4 -2, 1 2, 4 0
		No.819: -2 -1, 1 1, 2 -1, 3 -4, 1 0, 4 -4, 0 -1, -4 4, 3 -3, -3 0
		No.820: 4 0, 3 -1, -2 0, -2 4, -2 -4, 0 -3, -4 4, 1 -4, 1 -2, 2 0
		No.821: -2 -3, -3 -2, 1 1, -3 0, -3 -1, -3 1, 3 3, -4 2, -4 3, -2 -2
		No.822: 0 -2, 0 -3, 1 0, 3 2, 2 3, 4 0, 1 4, 0 3, 1 -2, 2 -2
		No.823: -4 0, 0 2, 0 1, -4 -1, -2 3, -4 2, 0 -4, -4 -3, -1 -4, 2 3
		No.824: 2 -1, 1 -4, 0 1, 0 0, -4 0, 0 2, 2 2, 4 -3, 4 1, 2 0
		No.825: 0 3, -3 1, -3 -3, -3 2, 1 0, 4 4, 2 2, 4 -2, 2 0, 4 -4
		No.826: 0 -2, 4 0, 4 3, 2 2, -3 0, 3 3, -1 -1, -3 -4, -4 -1, -1 1
		No.827: -1 0, -2 2, 0 0, 0 -2, -1 -4, 4 4, 1 0, 3 0, 3 -4, -2 -2
		No.828: 3 1, -3 0, 2 0, 2 4, -3 2, 2 -4, 0 0, 3 0, 4 3, 3 -3
		No.829: -2 2, 1 -2, 0 -1, 2 0, -2 3, 3 -4, 0 -3, 0 1, 4 -3, -4 0
		No.830: 0 1, -3 0, -4 2, -4 -3, -3 -3, 0 -2, 4 -2, 1 -1, 1 -4, 0 2
		No.831: 4 -4, 3 0, 0 1, 1 -2, -3 1, 4 0, 3 -3, 1 1, -2 3, 0 4
		No.832: -2 -3, 0 2, 2 4, 4 -4, -1 4, 4 3, 0 4, 3 0, -2 0, 1 4
		No.833: 2 -3, 0 0, 4 0, 3 0, -2 0, -3 -2, -2 -3, 0 -4, -4 0, 0 -1
		No.834: 3 1, 1 4, 4 1, -3 -2, 0 -3, -2 1, 0 -1, -4 -2, 0 0, 3 4
		No.835: -3 -4, -1 -4, 3 2, -3 0, 2 -2, 4 2, 4 1, 0 -3, 3 -4, 1 3
		No.836: -4 1, -2 -2, 4 1, -4 4, -1 -2, 0 -2, 1 3, 4 4, -1 -4, 2 4
		No.837: -3 -2, 0 -1, -2 -2, -2 -4, -4 -4, 3 -1, -4 0, 0 -3, -4 1, -1 -2
		No.838: -1 -1, 3 1, 1 4, -1 -2, 4 1, 1 0, 1 1, 1 2, -4 -2, -2 -2
		No.839: 4 -3, 2 -1, 0 -1, 1 -3, -1 -3, 1 1, 0 0, 4 -1, 3 -1, -4 3
		No.840: -3 2, 0 0, -3 4, 3 -3, 2 -2, -1 -4, 0 4, 3 1, -1 0, -2 -2
		No.841: 2 -1, 3 0, -2 -1, -1 3, 4 -1, 1 0, -3 1, -2 -3, 0 -3, -4 -1
		No.842: -4 0, -1 0, 0 1, 1 4, -2 -2, 0 3, 0 -4, 3 0, -1 -4, 1 0
		No.843: 2 -2, 4 0, 2 -4, -4 1, 1 4, 2 0, 2 2, -2 0, 3 -2, -1 -3
		No.844: 0 -4, 2 -3, 1 -2, -2 2, 0 2, -2 1, -2 -4, -4 2, 0 1, -1 0
		No.845: -3 -1, -1 0, 1 -1, -1 -3, 3 4, -3 2, -3 1, 3 -4, -3 0, 1 3
		No.846: -2 -3, 2 -3, 0 0, 0 -3, 3 -4, 4 -2, 3 0, -4 1, 1 3, 3 2
		No.847: -2 4, 1 2, -1 0, 4 2, 4 -3, 0 2, -4 3, 1 0, -2 -3, 3 3
		No.848: 0 -2, 1 1, 4 -4, -3 -2, -3 0, -1 2, 2 0, -2 -1, -4 3, 4 -2
		No.849: 1 2, 2 -1, -4 -1, 0 0, -1 -3, 1 0, 0 1, 0 3, -3 0, 2 0
		No.850: -2 0, 0 0, -2 -4, 2 -4, -1 1, 2 -2, 1 2, 3 -4, 1 3, -1 0
		No.851: 1 2, 0 0, 0 -4, 2 4, -1 -1, 3 0, -1 -2, -2 -3, -4 0, 1 1
		No.852: 4 4, 0 4, 2 -4, 4 -3, 4 3, 1 -1, 3 2, -4 -1, -1 0, 1 3
		No.853: -3 -2, 2 -4, 4 -2, 1 1, -3 4, -4 0, -2 0, -2 3, 0 -2, -1 2
		No.854: 4 -1, -1 3, 1 0, 3 0, 4 0, 4 4, 1 -1, -4 4, -4 -1, -2 1
		No.855: 0 0, 3 3, 3 2, -4 -2, 4 0, 1 4, 0 -1, -2 -4, -1 3, 1 -2
		No.856: 4 1, -2 -4, 2 -3, -4 3, -2 3, -4 4, -3 3, 1 4, -1 4, 0 -2
		No.857: -1 0, 1 2, 4 -3, 0 0, -2 4, -3 3, -3 1, 4 -1, 0 -1, 0 -3
		No.858: -4 2, 2 -1, 2 -2, -4 3, 1 -4, 3 1, 1 -3, 0 3, 0 4, 4 3
		No.859: -4 2, 3 -3, -2 -2, -2 4, -1 2, -3 -3, 1 0, -3 0, 0 -3, 0 3
		No.860: -1 -2, -2 2, -2 0, 4 3, 1 3, -3 0, -2 -3, 0 -3, -1 0, -1 -4
		No.861: 0 3, 0 -3, 0 4, -2 3, 1 -2, -1 2, 0 0, -1 0, 2 2, 3 0
		No.862: 0 1, 4 -1, 0 4, 3 1, 1 -3, -4 0, -4 2, -4 -3, 0 -2, -1 4
		No.863: 2 2, -2 4, -3 -2, 2 0, 0 -2, -4 0, 3 -3, -2 2, 0 -3, 1 -1
		No.864: 3 -4, 3 0, -3 2, -2 0, 0 0, 4 -2, -4 -2, -1 -1, -2 -2, -4 1
		No.865: 2 4, 1 3, 3 1, 4 3, -3 0, -1 -4, 0 -3, -1 -1, 0 1, 2 0
		No.866: 4 4, 0 0, 0 -3, -1 -3, 2 -2, 2 3, 1 3, -3 -2, 2 4, 2 1
		No.867: 3 1, 0 -1, 1 1, -4 2, 4 2, -2 -1, 0 0, 0 -4, 2 -1, 2 -4
		No.868: -3 2, 2 -4, -3 1, 1 4, 1 3, -3 0, 0 0, 4 -1, 2 -3, 3 2
		No.869: -1 -4, -2 0, -3 0, 2 -2, 0 -4, -2 -3, -3 4, 3 -2, -1 4, -3 1
		No.870: 3 -2, -4 2, 3 1, 4 1, -3 0, 2 4, 2 -2, 1 2, 3 2, 0 -2
		No.871: -4 2, -2 0, 2 0, 1 -1, 0 4, 0 0, -1 4, -3 2, -1 -2, 3 1
		No.872: 2 -2, 4 -3, -3 -3, 0 3, -1 2, 3 0, 4 -4, 0 -1, 1 0, 1 4
		No.873: 3 -1, 3 1, 2 -1, 0 -2, 0 -3, -2 1, -3 1, 1 0, 0 3, -3 3
		No.874: 3 0, -3 2, 0 0, 1 1, -4 0, -1 0, 1 -2, -4 2, 2 3, 4 -4
		No.875: -1 3, 0 0, 2 0, 4 0, 3 1, 1 -1, 1 4, -1 2, 0 1, -2 3
		No.876: 0 -2, 3 0, 0 1, -4 -3, -1 4, -3 4, 3 1, 1 3, 1 0, -3 0
		No.877: 3 -1, -3 -4, 1 1, -2 -4, -1 -1, 0 -1, 4 -3, -2 0, -4 -2, 3 -4
		No.878: -2 -2, 1 0, 0 -4, 4 -4, -3 0, 2 2, -3 2, -2 4, 3 2, -1 3
		No.879: -2 -4, 4 4, 4 -1, 2 -4, 1 3, -2 2, 0 0, -4 1, 1 -3, -4 0
		No.880: 0 -1, 2 0, -4 4, 1 4, 1 0, -1 -2, -3 2, -4 -3, -3 -2, 4 4
		No.881: 0 -4, 3 3, -1 4, 3 -1, 4 3, 0 2, -3 0, 3 -4, -3 -1, 3 0
		No.882: 0 1, -1 1, 3 1, 0 -4, 4 -4, -3 0, 4 -3, 4 2, 0 3, -3 -1
		No.883: 3 -2, 0 3, -2 4, 4 4, -1 -2, -4 1, 0 2, -3 4, 0 0, -4 -4
		No.884: 2 3, 1 -3, 0 -2, 1 4, 4 -2, 0 4, 2 0, 2 -1, -4 -4, -1 -2
		No.885: 4 3, -1 4, -4 3, 0 -4, -2 -3, 2 -3, 2 3, 1 1, 0 3, 3 -1
		No.886: -2 4, -1 4, -3 2, -4 1, -2 1, -4 -4, 2 0, 3 0, 1 -2, 4 2
		No.887: -3 3, 4 -2, -2 4, 3 1, 2 0, -3 0, 2 4, 1 -4, -4 0, -3 2
		No.888: 0 -4, 4 0, 1 1, 2 1, 0 4, 0 1, 1 3, -1 2, 3 -2, -1 0
		No.889: -3 1, -3 -1, 1 1, -3 2, 2 -1, 1 4, -3 -4, 0 -2, 3 0, -4 -3
		No.890: -3 -1, -1 0, -2 0, 4 -3, 3 3, 0 1, -2 4, 0 2, 3 -1, 2 4
		No.891: 1 1, 0 -2, 4 2, 0 4, 3 0, 3 4, -2 -3, 0 0, -1 3, -4 4
		No.892: 3 2, 4 3, 2 -3, -1 0, 4 -4, -1 4, 0 4, 0 1, 1 -3, 1 -4
		No.893: 0 -3, -2 0, 1 4, 4 3, -2 -4, 3 0, -4 -4, -3 4, -2 3, 0 -1
		No.894: 2 -4, 0 -4, 0 -3, -2 0, -4 4, -3 -2, 4 -1, 4 4, -4 -1, 3 -4
		No.895: -2 1, 2 0, -1 -2, 4 -2, 2 -1, 3 -2, -3 -2, 1 3, 0 -1, -1 1
		No.896: 2 1, 3 -1, -1 0, -2 -3, 2 3, -4 1, 1 -4, 4 1, 1 0, -2 -1
		No.897: 2 -4, 4 0, 2 0, 2 3, -4 3, 2 -3, 0 0, 3 1, -4 2, 0 3
		No.898: -3 -4, -3 -3, -2 0, 0 -4, 0 1, 1 3, 1 0, -4 0, 2 -1, -4 1
		No.899: 4 -4, 0 -2, -2 1, 3 1, 1 -1, -4 0, -1 -2, 4 -3, 3 -3, 2 0
		No.900: 1 1, 1 -4, -3 2, 3 -1, 2 0, -3 4, -1 -4, 3 4, 2 2, -1 -2
		No.901: 4 2, -2 0, 0 0, 1 -4, 4 -2, -3 -4, -2 -4, 1 0, -1 1, 0 -1
		No.902: -3 -3, 4 -1, -4 -3, -2 1, 3 0, -1 1, -1 0, -4 2, 2 4, 0 0
		No.903: -2 0, 1 0, -1 2, 0 -1, -3 1, 3 3, 0 0, 2 -1, -1 -1, -4 4
		No.904: 1 -4, 3 -1, -4 2, 4 -4, 3 1, -3 4, 3 -3, 2 4, -3 3, 0 -1
		No.905: -4 -4, 1 2, 1 -4, 1 4, 0 -4, 1 0, 0 -3, 3 -1, -4 -1, 1 1
		No.906: 1 -2, 0 -1, 4 3, 2 -1, 3 -2, 0 0, -1 3, 0 2, -2 -2, -3 -1
		No.907: 0 3, 1 -4, 2 3, -2 1, 1 3, 1 4, -4 0, -2 -2, -1 -1, -3 -4
		No.908: 4 0, 1 4, 0 -2, 2 -4, 2 0, 1 2, 1 3, 0 0, 1 -1, 2 -1
		No.909: -1 1, 1 -4, 1 -3, 3 0, 2 0, -1 4, 1 -1, 2 -1, 0 1, 3 2
		No.910: -1 -1, 3 -2, 1 1, 2 0, 4 4, -3 -4, -2 -2, 0 -2, 4 1, 0 -3
		No.911: -4 3, -4 0, 1 -3, 3 1, 4 4, 4 2, -1 0, -3 -2, 3 -1, -3 -3
		No.912: -3 2, -1 2, 0 -1, -1 -1, 1 -4, 0 -3, -4 -1, -1 -4, -2 -1, 0 -4
		No.913: -4 1, 2 -1, 0 4, 0 -3, -3 -2, 2 2, 1 2, 2 -2, -3 -1, 3 4
		No.914: 0 -2, 4 -4, -4 -2, 2 -2, 1 -3, -2 1, 0 0, 0 -1, 2 -4, -4 3
		No.915: -4 -1, 0 2, -1 -2, -3 -1, 0 0, -1 2, 3 0, 2 -3, -4 -3, -4 1
		No.916: -2 -1, -2 -2, -1 4, -3 2, 0 -2, 0 0, -4 -3, 1 -2, 4 2, 0 1
		No.917: -1 -2, -3 -4, -4 1, 3 0, 2 3, -2 1, -4 -2, 3 3, -3 2, 0 0
		No.918: -2 0, -4 -4, 4 -4, 0 2, -3 2, -4 -2, -1 -3, -1 3, -4 3, 2 3
		No.919: -3 -3, -1 -3, -4 -1, 0 -2, 2 2, -3 0, 4 1, 0 0, 0 3, 3 3
		No.920: -2 4, -1 -4, -1 4, -1 -2, 1 0, -4 2, -3 -3, -2 -1, -3 0, 2 0
		No.921: 0 1, 1 -1, -1 -2, 0 3, -1 1, -4 -3, -1 0, 2 0, -3 -4, 3 0
		No.922: 2 0, -4 -2, 0 0, -1 0, 4 -3, -2 -3, 4 2, -3 -1, 4 0, -2 0
		No.923: 3 -3, -4 -3, 4 4, 1 -3, -2 -2, 3 4, 0 3, -4 -4, -1 1, 3 3
		No.924: 1 -3, -1 0, 0 2, 3 3, -3 1, -2 -3, -2 1, 3 0, -4 2, 3 -4
		No.925: -2 1, -1 2, -1 0, -1 -3, 2 -3, -2 2, -2 0, 0 1, 0 -3, -3 -4
		No.926: 2 -2, 1 0, 0 -2, 1 2, 1 4, -3 -1, -1 0, -2 1, 2 -4, 2 1
		No.927: 1 0, 3 0, -1 2, 3 -2, -3 0, -4 -1, 4 0, -4 0, 0 -1, 3 3
		No.928: 0 -4, 2 3, 4 4, 0 2, 0 0, 4 -3, -1 -2, -1 -4, 3 1, -4 -3
		No.929: -4 1, 2 0, -3 0, 1 0, 0 -4, 0 -2, -3 -1, 0 1, 1 4, 2 -3
		No.930: 1 0, 0 4, 1 -3, 4 0, 3 -4, -2 1, 1 -2, 0 3, 2 -4, -1 4
		No.931: 4 1, -1 4, 4 0, -4 4, -4 0, -2 1, 0 1, -3 0, -4 -3, 2 0
		No.932: -3 0, 1 0, -2 4, 3 3, -3 -1, -2 -1, 4 -1, 3 -2, -4 -2, -3 -4
		No.933: -2 -2, 0 -4, 4 1, 4 0, 0 4, -3 0, 4 -3, 2 0, 4 2, -2 0
		No.934: -4 3, 4 4, 0 3, 1 1, 3 -4, 0 1, -4 -1, 2 -3, -3 2, -1 -3
		No.935: -1 3, 0 1, 4 1, 4 3, 4 4, 0 -2, 0 -3, -2 -2, -1 1, -4 3
		No.936: -4 3, -2 2, -4 0, 1 3, 0 4, 0 0, 3 0, 2 0, 2 3, -1 4
		No.937: 4 -3, 1 3, 0 -2, -3 1, 3 -3, -2 -1, -2 -4, 2 2, -3 4, -4 2
		No.938: 3 4, 3 -3, -2 2, -2 0, 3 -1, 1 -4, -1 -1, 4 -1, 1 -3, -3 3
		No.939: 0 -4, 1 -1, 3 -2, 0 2, -1 4, -4 4, 3 -4, -1 3, -1 -3, 3 2
		No.940: 0 0, 1 -3, -4 3, -4 -2, -3 3, 2 4, -2 0, 4 2, -4 -3, 2 -4
		No.941: -4 4, 4 -3, 0 2, 4 3, -4 0, -1 0, 2 0, 0 -4, 0 0, 2 -1
		No.942: -4 3, 0 -3, -3 0, -1 0, 1 -3, -2 -4, 0 -1, 4 -3, -4 -3, 0 3
		No.943: -2 -4, -1 1, 1 -2, -1 -3, 4 2, 0 1, 0 4, -4 -3, -4 -2, 1 -1
		No.944: 2 0, 3 -1, -4 -3, -1 2, 2 -3, -1 -1, -1 -3, 2 1, 4 0, 1 3
		No.945: -1 -3, -4 -1, 0 0, -3 1, -3 -2, -4 3, -2 4, -1 1, 1 4, 3 0
		No.946: -1 3, 0 -3, -1 4, 3 -3, 0 1, 1 2, 1 1, 3 3, -4 0, -2 -1
		No.947: -3 -1, 4 -3, 4 0, 3 4, 0 2, 4 -4, 3 -2, -1 4, -4 0, -1 -1
		No.948: -1 0, 0 -2, 0 2, -3 -3, 3 -1, 3 2, -4 3, 3 -3, -1 -2, -4 -2
		No.949: 0 -1, 4 0, -4 1, -2 -4, 0 -3, -3 4, -2 2, -3 -2, -4 0, 1 2
		No.950: 0 1, 0 -1, -4 2, 3 0, 1 0, 2 -2, 1 3, -3 3, 0 0, 4 0
		No.951: 0 3, 2 -1, 2 -4, 0 -2, 3 2, 2 2, -1 3, 3 -3, 0 -3, -4 4
		No.952: -2 3, 1 -3, 2 -3, 2 0, -2 0, -1 2, 2 2, 0 3, -4 -4, 3 -3
		No.953: 0 -1, 3 3, -3 2, 2 0, -4 -2, -1 3, 2 4, 0 0, 0 -2, 1 -2
		No.954: 3 2, 4 1, 3 4, -4 -4, 3 -2, 2 0, -4 1, 0 1, 4 0, -2 -1
		No.955: 1 3, 0 -3, 3 -1, -1 4, 1 -1, 2 -3, -2 2, 1 0, -4 0, 2 2
		No.956: -2 -1, 0 2, -1 1, 1 -2, 0 -1, -4 0, -4 4, -3 3, 4 3, -1 0
		No.957: 0 3, 1 1, -2 0, 4 0, 0 -4, -2 3, 0 1, 3 -2, 1 -4, 2 4
		No.958: 2 1, 0 4, -3 0, 0 1, -4 -1, 0 -1, -4 1, -1 -2, 4 -4, 1 -2
		No.959: -2 1, -3 0, -1 -3, -2 2, 4 -1, 2 3, -4 3, -2 -3, -4 2, -4 -2
		No.960: 4 3, -1 2, 0 0, 0 2, 0 4, -2 0, 0 -3, 1 -4, 2 4, -4 1
		No.961: -3 -3, -2 -3, 2 -3, 1 3, 3 -4, 4 2, 3 0, 2 -1, 2 3, -1 0
		No.962: -1 -1, -3 2, 2 0, 4 4, 3 -4, 0 1, 3 3, -2 1, -4 -3, 4 0
		No.963: 2 -4, 1 0, 4 -2, 0 4, 3 4, -4 -2, 0 0, 0 -2, 4 1, -3 4
		No.964: 0 -3, 0 -4, 3 4, -3 2, 4 -2, 0 0, 4 2, 2 0, 4 -1, 0 -2
		No.965: -1 0, -2 2, -1 -3, -1 2, 1 0, 3 3, 0 4, -3 0, 1 2, 0 0
		No.966: 3 1, -4 4, -2 -2, -3 0, -2 -3, 2 2, 1 -2, 1 0, 0 -1, 4 -2
		No.967: 3 -3, -1 2, 0 2, -2 0, 3 3, -1 1, 3 0, 3 4, -3 -4, 0 3
		No.968: 2 -3, 0 -1, -2 1, 0 4, 2 0, 0 1, -4 4, -3 -1, 3 -3, 3 0
		No.969: 2 -4, 4 1, -4 -4, -1 3, 0 0, 1 0, -3 0, 4 -2, 3 -4, 1 -4
		No.970: -2 3, 0 0, -2 4, -4 -2, -4 -1, 0 4, 2 -2, 2 0, 3 2, -1 4
		No.971: -1 4, -4 2, 0 -1, 0 1, 2 -3, 2 4, 0 3, -2 2, 2 0, -4 -4
		No.972: -2 2, -1 -3, 0 0, -1 4, 1 -4, 1 4, -4 1, 0 -4, 3 -4, 3 2
		No.973: -3 0, 2 0, 0 -3, 0 -4, 4 0, -2 0, -4 -1, 1 -1, -1 3, 0 -1
		No.974: 3 0, 0 0, -3 -3, -2 4, 0 -1, -2 0, 0 4, 0 3, 2 4, -1 0
		No.975: 1 -2, 0 2, 2 4, -2 2, -4 0, -2 0, -4 1, 1 0, -3 0, -4 2
		No.976: 2 0, -1 1, 4 -1, -3 1, 1 -1, -1 -1, -3 0, -3 3, 2 -3, 3 2
		No.977: 3 -2, 2 -3, -3 -4, 4 0, -3 -1, -1 0, -3 0, -4 1, 2 1, -1 -3
		No.978: 1 4, 3 0, 0 -4, 1 3, 1 0, 0 -3, 0 3, 2 -4, 1 -1, 0 4
		No.979: 3 2, 1 4, 4 -2, 0 3, 0 -2, 3 3, 4 2, -4 0, -2 0, 4 -3
		No.980: -1 -1, 0 -4, 0 4, 0 -3, -1 4, -3 -2, 2 0, 0 3, 4 -3, 3 -1
		No.981: 2 -3, 1 3, 0 -2, 0 -3, -3 2, -1 -1, -2 -4, 4 0, -4 -3, 2 -2
		No.982: 4 0, -4 3, 4 1, 1 0, 0 0, 1 2, -3 0, 3 -1, -4 -3, 3 -3
		No.983: 3 1, -1 -4, 2 1, -1 4, 2 0, -1 -3, 3 3, 0 2, 2 2, -1 -1
		No.984: 1 3, 0 2, -1 -2, 0 -4, 0 3, -4 -3, 2 3, 4 -1, 0 0, 2 0
		No.985: 4 0, -2 0, 1 -2, 2 -3, 4 -3, -2 -3, -2 2, -1 0, 4 -1, 0 2
		No.986: 0 -2, 0 0, 0 1, 3 2, 0 3, 2 2, 1 3, -3 -3, 0 -3, 4 -2
		No.987: 0 -1, 0 1, -2 0, -4 -4, -2 4, 1 3, 0 2, 0 -2, -4 2, 1 -4
		No.988: 0 0, 2 3, -2 2, 2 2, 3 2, -1 -1, 0 3, -2 0, 0 -4, 4 2
		No.989: 0 -1, 0 -3, -3 4, -3 -2, -2 2, 2 3, 3 3, 2 -3, 0 0, 0 1
		No.990: 1 -3, -3 -4, -1 2, 2 4, 4 -2, 4 0, 4 2, -3 3, 0 0, 2 -1
		No.991: -2 2, 2 0, 3 0, 4 0, 0 1, -3 -3, -1 2, -2 4, 0 4, -4 -1
		No.992: 0 0, 0 -4, 1 0, -2 -3, 1 1, 3 0, -4 -1, -1 2, -2 -1, -1 -4
		No.993: 3 0, -2 0, 3 -2, -3 0, 4 -2, 2 0, 2 -3, -2 -4, 3 -1, 4 1
		No.994: -2 1, 3 4, 2 4, -2 -1, 0 -2, 1 0, -4 0, -3 2, -3 0, 3 3
		No.995: -3 2, 2 -1, 0 2, 0 0, 0 -4, -1 4, -2 0, 1 4, -2 -3, 0 3
		No.996: 0 -1, 0 4, 0 2, 1 -3, 0 0, 4 0, 3 -4, -1 0, 3 0, -3 0
		No.997: -3 0, 0 4, 0 2, -1 2, -2 -4, -2 -2, 1 -3, 4 -4, -3 1, 4 0
		No.998: -3 -4, 0 0, -1 2, -4 1, -3 4, 2 -1, 4 0, -1 -3, 4 -4, 2 3
		No.999: 3 0, 0 -3, 4 -4, 2 3, 0 0, -4 0, 4 3, 0 1, 1 0, 3 -4
		No.1000: 4 0, 3 4, 2 -2, 3 -4, 1 -3, -3 0, -2 -3, 4 2, 0 -1, -1 0
