		No.1: 5 9, 2 2, -1 7, -7 4, 0 7, -3 -4, 9 -7, 4 0, -4 -3, -4 7
		No.2: -9 7, -3 -6, -3 -5, 1 3, 5 6, -3 8, -1 -8, -5 -7, 4 0, 7 -6
		No.3: 2 -4, 0 -7, 6 2, 5 5, -9 6, 3 9, -4 2, 7 5, 7 -3, -8 -9
		No.4: -7 0, -3 -3, 9 -7, 1 -3, -1 -8, 6 3, -1 -4, -2 8, -6 5, -7 6
		No.5: 7 -2, -3 9, -8 -1, 3 2, 0 -9, 0 0, 3 7, 4 4, 5 -7, -9 -9
		No.6: -4 -8, 8 -4, -6 -1, 0 9, 9 -9, -6 3, 0 6, -4 7, 0 8, 9 8
		No.7: -7 0, -5 7, -9 9, 3 5, -1 0, 4 7, 0 0, -6 -6, -9 0, 8 -4
		No.8: 8 -6, -2 -2, -4 -6, 2 -1, 2 9, 8 1, -2 -5, 3 8, -4 2, -1 -4
		No.9: -8 4, 4 -5, -3 0, 6 -5, -9 0, -4 -9, -3 4, 9 -9, -5 0, -6 7
		No.10: -6 -8, 8 8, 3 5, 2 5, 4 5, 2 -8, -7 -1, 5 -5, -2 0, 6 8
		No.11: 0 -4, -9 -8, 0 4, -2 5, 6 -9, -6 -5, -1 -7, -3 4, -8 4, -6 5
		No.12: -7 -8, 1 -1, 6 -8, 3 9, 9 -3, -1 0, -4 -4, 2 1, 5 4, -3 3
		No.13: -7 5, -8 -5, 0 -9, 6 -9, 1 -7, -5 6, 1 -5, -6 8, 0 -8, -7 3
		No.14: 4 0, -4 8, 5 3, -8 -4, -2 8, -2 -2, -7 8, 7 -4, -9 5, 9 6
		No.15: -6 -8, 6 0, 7 9, 4 1, -4 2, -5 -4, 1 0, 0 -2, -9 8, 2 6
		No.16: -2 2, 6 -1, -5 3, -6 -8, -8 -9, -8 1, 5 5, 4 -3, 0 5, -4 -7
		No.17: -2 -7, 0 -4, -6 -6, -5 8, 1 -6, 0 4, -9 -3, 0 -3, 5 2, 1 -1
		No.18: 8 -7, 5 -1, -6 6, -1 -1, -3 -9, -8 -4, 3 -6, -3 2, -7 1, -3 -8
		No.19: -3 5, 0 4, -3 -6, 4 -6, 5 0, -8 -7, 9 -6, -6 -5, 1 6, 4 7
		No.20: 8 -5, 6 9, 0 5, 3 0, 5 -7, -5 -8, 0 -7, 3 -9, -3 -6, 8 8
		No.21: -4 0, -8 7, 5 7, 1 -1, 2 -3, 5 -4, 9 2, -7 -8, 8 -4, -5 -8
		No.22: 3 6, 0 1, 0 7, -1 -2, 8 0, 3 4, -3 -4, 2 9, -3 -6, 4 1
		No.23: -1 5, -8 -5, -9 5, -2 -1, 9 0, 0 3, 1 -3, 1 -7, 5 -8, 0 -7
		No.24: 1 7, 4 3, 4 6, 0 8, 6 6, 6 0, -3 -3, 9 2, -6 -5, 7 2
		No.25: 6 4, 0 -5, 0 9, -2 7, -4 -7, -8 7, -3 -4, -1 3, 0 3, -2 -4
		No.26: -2 0, 4 -6, -9 7, -8 -1, 0 -9, 5 -5, 5 7, -7 5, -2 8, -3 -2
		No.27: -3 3, 7 2, 7 -5, -3 4, -4 1, 3 -9, -6 0, -6 5, -3 -4, -3 -8
		No.28: 3 4, 8 -4, 0 -1, 2 -6, -7 8, 8 -1, 9 8, -8 9, 9 -1, -3 5
		No.29: 5 6, -2 1, 4 -3, 5 -6, -1 9, -9 8, 3 9, -8 1, -4 -4, 6 -8
		No.30: 2 5, -1 0, 8 -2, 3 -2, -7 -8, -7 -6, -2 -7, 3 -5, -1 -3, -3 -7
		No.31: 5 0, 7 9, 2 5, 5 -6, 7 2, 3 -4, -5 2, 3 -7, -2 -6, 0 3
		No.32: -1 -6, -3 9, 1 -2, 6 5, 1 -1, 0 0, 4 2, 1 4, -7 2, 9 1
		No.33: 9 0, -6 -6, 6 9, -4 0, -4 -3, 2 0, -8 -5, 7 6, -2 -5, -2 -3
		No.34: 8 7, -9 -5, 4 2, -1 -3, -4 2, 6 4, -5 -3, 5 0, -3 6, -6 -8
		No.35: 2 -8, -4 9, 8 -1, 0 -8, -4 2, -9 1, 0 6, -8 7, -9 -3, -7 1
		No.36: 9 2, -5 -4, -5 -5, 2 -6, -6 -6, 5 -5, -2 -7, 4 2, 5 8, 4 5
		No.37: -9 9, -5 1, -1 2, 3 4, 5 7, 5 6, -8 4, 8 6, 0 3, 1 -9
		No.38: -8 -5, -9 7, -3 8, -9 4, 5 -3, 9 -7, -1 -9, 4 6, 0 -1, 9 0
		No.39: 9 3, -4 -9, 1 -6, -7 -3, -1 0, 6 9, 5 -1, -1 3, -7 -7, -4 9
		No.40: -2 0, 7 7, -2 -2, -9 0, -9 1, 4 6, 5 8, -8 -7, 9 -4, -7 -3
		No.41: 9 7, -2 0, 3 8, -7 -6, -8 -2, 2 3, 9 0, 4 -9, -8 0, -6 9
		No.42: 0 6, 2 0, 1 -2, 2 -7, -2 0, 0 3, 6 -5, -7 5, 2 4, 9 -3
		No.43: 6 -3, 8 -1, -4 -1, 5 5, 0 -6, -3 0, 0 -5, 7 8, -7 0, 4 7
		No.44: -4 -9, -6 -3, -2 6, 1 -7, -1 6, 2 3, 3 -7, 4 -3, -7 7, 6 -9
		No.45: -4 -8, -4 9, 5 0, 8 -2, -9 7, 5 -7, 1 9, -9 9, 3 1, -8 0
		No.46: -6 2, 0 1, 0 4, 3 9, 3 0, 5 7, 4 2, -1 -4, -3 -5, -9 1
		No.47: 0 -3, 0 -9, 0 -8, 7 4, 9 3, -5 -4, 1 3, -5 7, -1 8, 0 7
		No.48: -6 6, 5 8, 3 -8, -5 3, 8 -5, 4 -6, -6 5, -3 -9, 0 -2, -1 0
		No.49: 6 5, -5 9, 3 2, -2 0, -9 1, 4 -6, -6 -4, 9 3, -8 0, 5 0
		No.50: 0 -8, -2 -5, -3 3, -8 -1, -3 1, 3 7, 1 -4, 0 -3, 2 -7, -8 -6
		No.51: -1 0, 1 2, -4 -9, 0 3, 0 8, -6 -9, -8 -6, -2 -6, -1 -2, 1 3
		No.52: -8 0, -7 -9, -9 0, 8 2, 2 5, 5 2, 9 4, -5 4, -9 2, -4 0
		No.53: -6 4, 1 3, 4 5, 7 5, -4 0, 2 -6, -7 -3, 2 -3, -8 7, 5 -7
		No.54: 8 4, 3 4, 4 7, -5 8, 5 9, -9 -9, 0 -7, -2 -3, -5 -8, -6 5
		No.55: 0 3, 8 7, -7 0, -7 4, 0 -7, 3 7, 9 -9, 6 1, -9 -8, -3 -2
		No.56: -1 -6, 2 4, -8 -1, 3 -5, 2 -5, -4 4, 7 6, 2 0, -8 7, -6 0
		No.57: 7 1, 1 8, -6 2, 0 -1, -4 -2, -1 -1, -9 -7, -1 7, 3 -3, 7 7
		No.58: 3 5, 1 0, -2 7, -8 6, -2 6, 7 4, 1 -7, 1 7, 5 0, 0 0
		No.59: -8 -6, 2 -2, 1 6, 0 -4, 2 9, -4 9, -4 -6, -1 1, 2 8, -9 4
		No.60: 1 5, -6 -9, 8 -7, 7 1, 3 -9, 4 6, -4 9, -2 2, -8 -4, 4 9
		No.61: -1 3, 1 3, -5 9, -6 -9, 2 -7, 6 -9, 0 9, -2 -9, 3 5, 2 2
		No.62: -5 3, 4 1, 8 -8, -7 7, 6 7, -3 -2, -3 -8, -2 7, -4 5, -8 9
		No.63: -6 -9, 5 -7, 9 -2, -6 -5, 5 0, -9 -1, 1 -2, -5 7, -5 0, 1 3
		No.64: -1 8, 3 -6, -4 0, -2 -3, 1 -9, -3 -8, -4 -1, 4 -8, -8 -8, -1 6
		No.65: 6 -7, 0 4, 8 -9, 6 -3, -8 9, -3 -5, -2 4, -9 -1, 2 3, -1 8
		No.66: -4 -9, -5 -8, 6 0, 2 0, 2 3, -5 9, 1 1, 5 8, 9 9, 9 3
		No.67: -1 -3, -6 -1, -8 7, -2 7, 5 3, 1 -8, -3 3, 2 -4, -5 4, -5 -2
		No.68: 1 9, -4 0, -8 9, 0 -4, 8 -8, 6 4, 4 -4, 7 5, 4 1, 5 0
		No.69: 0 2, 0 5, -4 0, -5 -9, 3 6, 9 -8, -3 -8, -6 -3, 0 1, 3 0
		No.70: -5 -5, -4 0, 3 1, 0 -1, 6 1, -7 -9, 9 -5, -8 -1, 0 -2, -2 -3
		No.71: 6 6, -2 7, -8 -7, 3 -2, 5 -9, 9 -2, -7 -1, -1 9, 6 7, 2 2
		No.72: -6 2, -4 7, -5 -9, 3 -5, -3 -8, 2 9, 2 -7, -2 7, 1 -5, 4 7
		No.73: 1 9, 3 7, 0 3, 5 0, 3 2, -1 -1, 9 -4, -2 0, 1 2, 1 6
		No.74: 4 -2, 5 1, -2 4, -4 8, 0 3, 6 -5, 8 -1, 1 3, -2 -5, 0 4
		No.75: -5 0, 3 1, -3 3, 0 0, -8 -7, 4 -2, -9 -5, -4 2, 0 -3, 4 -7
		No.76: -7 0, -6 -2, -5 -4, -9 -3, -7 7, -6 3, 0 8, 1 2, -7 3, 3 5
		No.77: -9 2, 6 -3, 3 6, 2 7, -8 -7, -6 7, 7 2, -4 -7, 8 5, 3 -4
		No.78: 1 -7, -7 0, -4 3, 2 0, 9 2, 5 6, -4 5, 9 3, 3 4, -8 -8
		No.79: -9 -5, 7 5, 6 -5, 0 6, 0 1, 5 -8, 7 9, -5 -7, 4 -6, -3 -5
		No.80: -7 6, 0 -5, -1 6, -5 -3, 0 1, 3 -4, -5 6, 2 3, -8 -5, -3 -9
		No.81: 7 7, -7 -8, 8 1, -8 -1, 6 -4, 2 -8, -3 -6, 8 -7, -7 6, -7 -6
		No.82: -2 0, -6 0, 0 7, 2 4, 0 4, -4 4, 1 0, 9 -5, 4 -6, -9 1
		No.83: 6 -6, 8 5, -1 1, 9 4, 5 6, -7 -9, 4 -1, 4 8, -3 -6, -1 3
		No.84: 3 -6, 0 7, 2 -6, -9 6, -6 5, 1 -3, -7 4, -6 2, -4 -9, 0 -3
		No.85: -7 -4, 5 5, 0 0, -8 -1, -9 -1, 0 -9, 5 6, -4 -3, -6 0, 0 -8
		No.86: 6 1, -3 -8, 0 -8, 1 -7, 3 -8, 9 5, 7 -4, -7 -3, 8 -3, 5 -6
		No.87: 8 4, 7 -4, 4 0, -5 8, 4 7, -1 3, 6 -6, -6 -3, -8 3, 1 5
		No.88: 9 -3, 0 3, 5 7, -1 -7, 4 9, -1 0, 7 8, -8 5, 5 -1, -5 -7
		No.89: -3 9, -1 1, 3 0, 5 -1, 0 -1, 0 -5, 4 -1, 5 7, 7 5, -4 8
		No.90: -5 -4, -2 3, -2 -9, 4 -8, 2 -3, -6 4, 7 -7, 0 9, 1 -9, 8 -8
		No.91: -7 3, -1 -7, 2 4, 9 7, -1 7, 7 5, 1 -6, -8 7, 4 1, 1 5
		No.92: 5 8, 7 -3, 0 5, 5 -6, 9 0, 5 -7, -1 -3, -2 1, -3 6, -2 8
		No.93: 0 -7, 2 0, -6 -3, 1 -5, -2 -9, 3 -4, 6 0, 0 9, -7 -7, -2 4
		No.94: -3 8, -9 6, 1 -7, 9 -9, -2 -6, 0 6, 4 3, 8 -4, 2 -4, 4 1
		No.95: 1 8, 9 -4, -6 0, -5 6, 6 -7, 9 0, 9 -1, 4 7, 9 3, 7 -2
		No.96: -9 -4, 9 -7, 5 1, -7 -8, -3 -3, 7 7, 7 8, 7 6, 9 0, -1 -6
		No.97: 7 -5, 6 -6, -2 -2, 6 0, -4 0, 4 9, 4 -6, -6 5, -5 4, 4 -3
		No.98: -4 -6, 2 -1, -6 0, -5 7, 7 -8, 2 0, 3 9, -9 3, -2 0, 7 -7
		No.99: 7 -8, -8 -1, 8 -6, 1 8, 7 4, 3 8, 7 -9, 0 -1, -6 7, 7 9
		No.100: -4 1, -4 2, -7 -1, -7 3, -4 6, -1 1, 9 0, -6 3, 0 9, 3 -1
